78.0349  -207.627  -380.702
84.9413  -205.319  -366.133
73.6711  -210.918  -369.66
70.4768  -203.021  -379.016
75.0087  -198.114  -383.005
85.9097  -196.529  -378.843
86.636  -203.392  -355.066
75.3955  -209.214  -357.962
63.6152  -200.712  -379.213
65.0803  -197.214  -384.292
90.1774  -195.06  -366.662
63.6013  -206.528  -373.664
85.01  -189.183  -376.143
78.0497  -189.846  -382.477
53.1197  -203.926  -368.633
71.6833  -192.025  -383.781
57.6402  -190.23  -382.585
72.8598  -178.736  -382.547
68.0578  -211.022  -362.901
58.4231  -208.252  -353.92
91.0694  -182.506  -356.106
63.3796  -184.856  -387.195
50.9088  -180.01  -378.869
87.5235  -176.867  -375.651
68.7799  -167.858  -383.331
67.8968  -207.284  -343.789
48.8579  -203.074  -347.515
83.4142  -196.722  -341.836
77.5338  -188.589  -330.89
53.3039  -195.222  -377.703
43.6643  -196.565  -365.52
84.0854  -163.948  -372.291
62.5172  -156.589  -382.713
61.017  -199.719  -335.467
42.2562  -193.495  -343.182
89.3599  -170.963  -347.856
68.9097  -178.48  -325.458
44.5282  -186.797  -374.779
34.9268  -190.165  -361.293
57.3351  -174.831  -385.894
38.3099  -174.438  -382.99
88.5039  -156.978  -338.972
58.7704  -169.478  -320.6
31.955  -185.641  -372.935
24.3936  -188.715  -356.964
49.0038  -164.926  -386.356
26.2209  -170.536  -387.318
79.803  -149.433  -369.052
54.2272  -145.601  -381.075
51.8249  -192.666  -327.822
34.5773  -186.889  -339.34
39.6644  -155.584  -387.895
17.4846  -164.555  -384.47
70.8443  -139.062  -363.066
61.2621  -130.506  -358.064
44.6991  -180.941  -328.842
26.791  -182.884  -335.958
73.7993  -147.624  -336.401
50.4379  -162.051  -316.578
19.8375  -179.835  -371.714
15.0218  -188.497  -353.284
45.8606  -138.339  -378.183
46.9421  -126.319  -354.602
37.8093  -174.603  -330.105
23.7578  -184.943  -334.528
62.1198  -142.279  -334.851
43.8579  -131.615  -333.702
13.8337  -174.833  -367.497
8.09267  -182.058  -348.438
30.4058  -146.685  -389.958
7.6687  -158.303  -379.409
31.2137  -173.654  -326.835
17.5318  -182.016  -332.298
31.2819  -159.609  -326.463
30.751  -144.693  -336.725
12.9969  -171.566  -363.251
10.184  -168.686  -358.355
21.6983  -143.042  -380.925
13.0389  -157.093  -369.193
35.0501  -131.09  -371.742
30.2875  -137.209  -349.243
18.5116  -143.41  -368.633
8.97387  -180.825  -343.439
22.1902  -166.75  -323.242
20.2763  -157.268  -332.631
27.1364  -139.165  -363.916
