69.0098  -179.695  -241.605
71.5398  -179.966  -231.053
62.8116  -185.837  -233.189
59.0292  -178.723  -240.952
64.1888  -171.738  -245.113
69.6345  -170.053  -237.859
74.4701  -179.569  -222.459
65.4598  -184.765  -222.201
52.7466  -175.323  -238.489
55.0939  -172.091  -244.855
75.2556  -171.018  -228.355
54.0946  -181.049  -233.588
70.1082  -166.027  -234.766
66.513  -164.59  -242.275
45.5089  -177.779  -226.42
60.9629  -166.109  -246.563
46.1312  -165.385  -242.842
63.0977  -154.363  -240.552
58.088  -184.194  -225.275
50.4178  -184.955  -215.224
75.7549  -161.751  -221.067
54.7833  -158.194  -243.518
38.0921  -158.487  -240.922
71.0439  -156.064  -233.253
58.137  -146.937  -235.433
60.3813  -186.811  -208.736
44.0056  -179.075  -207.472
72.262  -171.582  -207.47
69.3744  -164.33  -196.401
43.2089  -171.342  -234.543
37.5577  -173.434  -220.151
69.3788  -146.221  -228.432
53.3396  -138.279  -230.611
55.7109  -183.474  -197.03
39.6247  -172.466  -199.55
73.6676  -154.364  -212.942
63.9681  -158.527  -189.359
36.4279  -165.659  -229.341
31.1846  -167.686  -213.557
49.1562  -150.043  -239.953
29.1657  -151.179  -239.272
71.052  -145.096  -205.141
57.3509  -152.024  -181.268
27.601  -160.772  -224.495
24.8756  -163.35  -208.176
42.703  -140.498  -235.977
20.2824  -144.296  -235.588
62.698  -139.063  -221.619
47.8194  -128.508  -226.161
49.6141  -174.34  -189.701
34.4937  -165.806  -196.01
35.44  -132.562  -232.951
12.9969  -137.611  -230.937
57.7303  -130.142  -214.789
50.8524  -126.077  -209.351
43.7347  -164.978  -186.171
29.7711  -161.381  -191.58
61.5169  -138.479  -197.75
48.3705  -148.172  -180.88
18.9788  -156.745  -220.172
19.9454  -159.602  -203.041
42.3056  -122.43  -220.901
43.6102  -122.431  -204.086
38.5002  -157.965  -184.744
24.9247  -159.237  -186.968
55.2773  -134.149  -193.016
45.963  -130.909  -188.786
14.197  -152.273  -214.333
14.8955  -156.006  -197.326
28.4447  -126.865  -228.42
12.4386  -135.52  -218.237
32.6322  -155.203  -180.741
22.5929  -156.807  -185.688
38.6871  -145.184  -183.591
35.9954  -131.001  -186.425
10.0027  -148.349  -208.004
10.6631  -145.147  -198.712
23.7162  -124.831  -219.421
14.5645  -136.14  -210.618
35.0629  -118.694  -213.875
33.4347  -126.422  -197.625
22.4702  -126.291  -210.982
12.5968  -154.654  -194.617
25.0632  -149.497  -178.619
27.6448  -141.331  -181.797
29.7279  -122.435  -207.104
