51.9546  -190.703  -69.6359
57.1487  -192.692  -61.823
46.6775  -196.338  -60.0159
43.5811  -188.374  -65.1034
50.4836  -181.211  -70.3409
56.8529  -181.857  -64.1783
65.3212  -197.337  -53.6849
50.6804  -199.798  -51.9112
39.0028  -183.715  -58.8233
42.8124  -179.508  -64.6653
62.8563  -183.495  -60.7182
39.7558  -190.566  -56.6408
61.4254  -180.624  -58.5349
54.2126  -177.281  -62.9574
32.3279  -186.625  -47.1818
48.6326  -177.036  -64.8703
36.3959  -171.483  -59.631
54.2528  -167.91  -58.7955
43.4632  -195.712  -52.0474
37.7167  -195.269  -41.2739
69.0689  -176.873  -52.4254
43.959  -167.503  -62.6129
30.2778  -163.431  -54.8552
62.4108  -170.066  -54.6605
50.8503  -158.71  -54.5083
48.4152  -197.899  -38.1141
33.4057  -191.323  -30.5954
68.8375  -195.112  -38.3992
68.9336  -186.591  -28.1893
32.3513  -177.924  -50.9187
26.4294  -181.516  -39.0751
62.8511  -159.768  -52.6053
52.9255  -147.557  -49.2743
46.1912  -199.501  -27.1398
28.8355  -185.241  -21.3942
70.9405  -169.181  -44.0575
67.5786  -178.383  -16.8086
24.6383  -171.192  -45.2046
24.6047  -174.123  -31.1304
42.8101  -155.393  -58.5947
26.3504  -155.622  -46.6556
69.1121  -161.104  -35.8767
63.4192  -169.513  -6.18118
23.5099  -163.739  -35.0512
22.3565  -165.525  -23.4761
38.4014  -145.086  -54.7475
16.8194  -147.464  -44.1841
61.6971  -151.73  -46.2269
49.359  -137.855  -43.4243
43.2391  -195.377  -11.8823
28.5994  -176.75  -15.931
34.0048  -136.469  -48.3745
16.1331  -142.776  -34.5086
59.3891  -142.1  -40.0127
57.6402  -135.125  -31.9356
40.2513  -182.3  -4.05189
26.4546  -168.672  -11.923
70.4988  -150.612  -25.1841
56.8426  -162.279  -0.712078
16.0331  -157.652  -29.2743
15.4825  -164.145  -17.4122
45.9243  -130.671  -37.7627
51.9561  -130.672  -24.4017
37.1612  -175.496  -3.1371
22.585  -165.989  -5.3562
65.1355  -145.415  -18.9899
58.6894  -138.246  -8.7262
16.3093  -156.747  -23.5892
14.9424  -164.82  -16.1185
30.2093  -132.146  -39.6183
16.795  -141.906  -29.4125
32.9357  -168.929  0.371664
18.4204  -167.077  -3.62265
47.8643  -153.799  9.32726
45.8591  -138.451  -2.88079
15.445  -153.666  -17.0328
14.6659  -153.023  -12.2802
27.5738  -130.528  -30.4309
20.2826  -139.97  -24.6604
40.8335  -126.968  -30.0107
44.5932  -129.575  -15.4677
25.8406  -129.844  -26.0332
13.4605  -162.93  -7.10364
32.7231  -163.732  3.00177
37.5068  -152.082  5.62929
34.5254  -128.045  -22.4247
