79.6069  -215.248  -263.206
83.6138  -216.421  -253.648
69.1011  -217.017  -253.043
66.5536  -212.219  -262.053
74.6766  -204.968  -268.785
81.5725  -203.222  -263.405
83.2884  -211.716  -245.34
72.8277  -216.568  -243.338
59.055  -208.402  -258.543
63.88  -204.76  -266.266
88.5313  -204.516  -254.824
60.0281  -213.34  -252.699
84.0344  -197.118  -262.601
79.1987  -196.758  -267.289
52.5964  -205.856  -244.117
72.452  -198.669  -271.01
54.1668  -197.06  -264.841
76.7984  -185.633  -265.615
62.377  -217.506  -244.632
56.8253  -209.654  -235.146
94.4263  -194.676  -246.529
66.5624  -189.195  -269.245
47.4622  -188.737  -260.38
84.9744  -186.929  -260.376
73.7812  -176.415  -261.43
65.3347  -214.585  -229.537
51.2482  -204.287  -227.005
83.9534  -207.699  -230.913
84.9861  -202.057  -218.174
49.9632  -202.486  -252.39
43.955  -200.853  -236.922
81.811  -177.406  -256.236
70.6974  -165.628  -259.235
60.0357  -209.153  -219.191
43.7309  -198.367  -219.028
89.7222  -184.778  -238.592
82.3893  -192.368  -206.35
42.4367  -195.833  -246.196
37.1394  -193.618  -230.454
60.6512  -179.004  -269.339
39.4811  -180.557  -256.267
90.0356  -173.382  -231.433
74.041  -181.695  -197.721
34.6434  -185.341  -239.01
27.8938  -191.153  -224.233
55.6844  -169.387  -262.163
32.1143  -173.711  -254.264
79.8892  -166.884  -251.525
64.3516  -155.667  -254.524
55.2437  -203.766  -207.971
39.4419  -188.766  -213.191
48.2746  -160.346  -257.807
22.5249  -166.001  -252.304
73.7682  -158.032  -243.906
68.48  -151.092  -237.735
50.0372  -198.139  -199.177
32.2302  -187.549  -207.185
82.2008  -163.84  -222.979
64.7934  -173.874  -193.792
22.6202  -182.898  -235.744
22.785  -186.136  -218.631
57.7562  -149.928  -247.875
61.5088  -142.035  -231.343
43.7048  -186.48  -201.347
25.3631  -189.112  -201.034
80.3982  -152.627  -213.69
69.0311  -141.015  -202.621
12.4574  -181.897  -232.693
13.5635  -185.031  -212.022
40.4953  -152.287  -254.419
17.4505  -162.678  -245.55
37.7422  -183.665  -192.628
21.1496  -181.466  -198.718
50.2309  -167.031  -195.147
48.6133  -147.159  -204.604
15.8575  -176.446  -223.327
14.0843  -168.445  -212.625
34.0495  -148.12  -245.087
19.5712  -163.582  -236.326
49.8214  -141.762  -241.367
44.146  -144.022  -219.586
29.145  -153.913  -239.526
15.0802  -179.049  -205.819
32.962  -176.848  -193.183
37.0474  -165.253  -195.522
39.9925  -146.373  -229.83
