46.9488  -213.005  -275.445
50.073  -211.004  -266.206
38.4725  -218.091  -269.085
34.5122  -216.396  -276.392
44.6107  -205.077  -283.083
47.5616  -205.286  -270.587
52.969  -210.074  -255.319
43.3299  -218.737  -261.39
26.5382  -207.358  -272.861
32.5172  -208.858  -285.217
50.7124  -204.387  -267.466
32.6964  -216.639  -269.573
48.4616  -196.644  -270.566
44.7988  -199.833  -279.12
26.9182  -213.512  -263.683
38.1015  -201.599  -286.477
24.4485  -202.016  -275.974
39.6751  -187.287  -277.142
36.8807  -216.36  -263.788
29.0778  -216.274  -254.894
52.6967  -192.65  -254.954
34.8943  -191.797  -285.986
15.0622  -191.314  -272.43
49.3727  -193.112  -266.861
34.5185  -177.578  -274.362
41.8953  -218.339  -248.475
16.1612  -213.429  -247.524
49.2455  -206.82  -250.561
45.9512  -200.512  -236.167
21.7754  -205.154  -271.565
15.6823  -207.592  -259.023
45.0702  -175.682  -261.34
28.6286  -168.277  -269.735
40.016  -211.504  -234.252
14.3812  -207.778  -240.812
51.3342  -188.793  -251.065
41.4872  -192.503  -228.338
11.9777  -196.136  -266.487
10.6468  -203.867  -251.871
24.2753  -179.456  -276.272
8.16838  -183.928  -267.015
50.4115  -179.339  -244.94
35.9851  -183.758  -221.01
9.67305  -190.569  -264.241
5.09262  -193.77  -246.476
16.6204  -169.069  -276.361
-1.06437  -178  -266.723
38.0984  -167.048  -254.857
26.0423  -156.943  -265.773
32.1236  -209.622  -228.429
7.55405  -200.801  -237.696
9.90042  -160.151  -270.036
-7.27154  -170.415  -264.904
38.2008  -160.168  -252.775
31.7964  -152.431  -243.52
26.0886  -200.131  -223.801
5.46785  -192.751  -236.14
45.7002  -163.555  -240.042
28.4203  -172.045  -219.346
1.89051  -184.317  -260.586
0.481546  -188.957  -242.363
17.5313  -149.051  -262.278
25.3831  -143.806  -240.806
22.2398  -188.081  -219.166
1.34298  -190.466  -232.167
37.8376  -157.199  -236.255
27.3466  -150.437  -231.909
-8.23116  -178.391  -252.552
-7.90826  -185.434  -238.911
2.56865  -153.69  -264.672
-9.10838  -167.756  -254.868
15.7911  -180.616  -219.607
2.03311  -186.513  -227.968
16.4594  -169.041  -223.887
18.1167  -155.581  -229.295
-8.03069  -173.68  -250.304
-9.62104  -168.957  -245.012
-4.68241  -152.661  -259.376
-8.04932  -166.61  -249.31
12.1338  -143.398  -253.222
12.8102  -149.243  -234.166
-0.0662845  -153.568  -256.151
-10.5176  -181.223  -237.556
6.24882  -173.139  -222.297
11.1258  -165.29  -225.901
9.6441  -147.505  -246.693
