85.3652  -214.588  -512.552
87.675  -215.872  -502.537
75.7294  -219.595  -505.405
74.7995  -212.82  -512.836
82.2009  -204.682  -517.092
86.4339  -204.283  -510.364
86.0487  -213.926  -494.267
76.7868  -221.325  -495.673
66.5975  -210.215  -512.939
72.5496  -203.893  -516.903
91.2117  -205.332  -502.603
67.5208  -216.395  -507.203
87.3116  -197.889  -509.2
83.7796  -196.409  -513.794
57.1416  -211.093  -501.531
79.0193  -197.75  -516.678
62.3039  -195.058  -519.559
78.7678  -184.986  -510.681
69.8813  -219.842  -499.334
61.2236  -215.993  -491.788
92.0248  -195.403  -494.296
72.7298  -187.509  -515.611
53.5158  -185.9  -520.542
84.5355  -187.626  -507.097
75.4753  -174.334  -508.085
69.0649  -218.455  -484.556
53.26  -209.671  -486.266
84.9507  -211.05  -482.224
80.7532  -204.309  -470.708
56.8151  -203.766  -509.574
48.1931  -204.623  -497.106
80.9966  -177.65  -504.516
69.5643  -164.183  -506.064
62.5623  -213.551  -475.07
46.4572  -202.492  -481.197
90.564  -185.371  -486.816
74.5314  -194.566  -462.023
48.4766  -196.49  -506.878
41.0292  -196.758  -492.573
65.6576  -176.877  -516.064
44.9318  -177.868  -519.193
85.5464  -175.152  -480.333
66.3863  -184.805  -454.164
40.4237  -188.455  -503.219
36.9732  -188.289  -488.453
60.5063  -165.356  -515.811
35.3377  -169.364  -519.781
78.5393  -165.848  -500.6
64.3668  -152.726  -505.903
54.2617  -207.089  -466.137
41.7292  -194.075  -477.717
52.8327  -155.688  -513.413
27.1558  -160.097  -516.317
73.6597  -154.326  -494.75
67.4811  -146.276  -490.623
47.4233  -198.051  -464.305
38.2464  -187.744  -474.927
79.1439  -163.042  -474.132
57.8833  -174.437  -449.862
31.6382  -181.369  -501.584
29.8619  -184.702  -484.984
57.5009  -145.976  -502.486
57.7873  -140.423  -486.237
44.116  -189.992  -464.82
32.4331  -182.848  -471.596
69.0577  -156.615  -471.781
57.8875  -148.212  -467.202
23.9229  -176.962  -497.312
22.1284  -181.141  -481.264
45.1092  -147.917  -511.558
25.0026  -156.108  -502.206
38.532  -180.995  -471.379
24.9202  -183.103  -469.279
43.8711  -167.103  -456.459
47.9  -152.402  -468.704
23.2677  -170.524  -490.098
21.5618  -167.871  -486.25
37.4828  -142.712  -504.912
27.6392  -158.807  -500.457
49.5439  -137.971  -497.217
43.4416  -144.685  -481.651
33.795  -144.409  -494.371
19.9045  -178.673  -481.162
29.9161  -175.199  -463.373
36.2408  -164.563  -463.758
39.7996  -141.142  -490.889
