90.4318  -214.967  937.41
92.1514  -214.964  948.489
81.7063  -217.608  944.87
77.8777  -211.416  938.403
84.412  -204.825  935.418
89.6412  -203.673  942.342
88.2272  -211.157  954.68
82.5473  -218.337  953.559
71.8687  -208.049  938.919
74.8751  -204.074  934.117
90.4387  -204.283  949.865
73.6907  -212.784  943.114
91.5276  -197.56  943.888
85.893  -196.721  938.249
62.2177  -211.88  945.288
79.7859  -198.269  936.548
63.9179  -192.903  932.272
80.6305  -185.367  939.25
77.2668  -215.327  949.569
68.9625  -214.504  954.475
89.4823  -195.883  957.035
72.7545  -189.063  935.491
54.9736  -188.174  929.533
87.0287  -188.32  947.434
74.4527  -176.018  942.36
75.8373  -216.827  963.195
59.4839  -211.44  960.192
85.1782  -206.734  963.792
80.456  -200.523  970.501
61.3927  -203.55  938.686
53.7943  -205.129  948.814
82.0667  -178.738  950.725
69.3703  -164.222  943.043
68.9557  -210.442  968.542
52.2604  -204.668  964.638
85.3024  -187.739  962.255
75.06  -193.132  978.615
52.405  -197.173  941.022
46.4286  -197.646  952.456
66.4333  -178.231  932.035
45.9198  -179.264  928.215
81.19  -178.132  969.007
68.3795  -185.587  987.65
42.0857  -191.439  942.478
41.1559  -190.387  955.547
58.988  -167.49  934.475
36.321  -171.927  928.117
74.8442  -169.966  954.215
61.5882  -154.784  946.404
61.5194  -205.304  976.089
43.5353  -201.946  968.671
49.8654  -159.924  938.118
29.7034  -164.912  931.969
70.3067  -158.301  958.912
62.5069  -152.601  961.732
55.4413  -197.4  978.109
42.1911  -191.152  968.88
72.4024  -169.653  972.586
60.2211  -178.168  991.884
33.3526  -185.732  944.459
33.748  -187.17  958.316
54.2209  -148.752  949.354
53.5086  -147.591  964.394
48.7473  -192.586  981.213
35.096  -190.338  972.17
65.0344  -163.295  975.854
56.4014  -154.677  982.151
23.6093  -182.029  944.264
24.9457  -185.376  961.413
42.1711  -152.008  937.878
20.0723  -161.086  932.923
40.4108  -185.373  977.37
30.5698  -184.937  973.26
46.9099  -172.065  986.753
42.573  -156.071  977.279
21.9451  -175.015  952.784
19.2265  -171.811  957.592
33.4884  -147.585  944.639
20.6122  -161.546  944.594
45.418  -144.277  953.756
45.4783  -147.953  966.858
32.2567  -150.268  950.634
20.8999  -182.06  965.476
34.4934  -179.042  981.69
36.0736  -167.606  981.082
39.8788  -146.507  956.68
