76.7451  -217.436  -286.904
78.772  -218.15  -277.019
68.2515  -219.562  -279.656
66.6541  -215.488  -287.242
72.707  -208.287  -289.527
80.4821  -207.741  -283.792
79.554  -217.29  -268.823
69.6296  -220.873  -271.465
59.4344  -212.108  -285.012
63.2979  -208.009  -289.688
80.4919  -208.252  -274.48
60.8057  -217.516  -281.674
80.0855  -201.856  -279.599
74.2693  -201.582  -284.379
50.682  -215.207  -276.831
69.647  -202.387  -290.138
52.8926  -201.438  -291.289
71.5309  -189.809  -282.776
64.0059  -219.565  -274.514
55.5304  -220.859  -267.433
82.0661  -199.933  -265.013
63.1486  -193.237  -288.904
45.136  -193.328  -288.097
79.1318  -191.892  -275.221
67.6334  -179.787  -279.266
63.5758  -221.273  -260.188
47.5834  -216.858  -260.684
77.691  -214.843  -256.764
76.0602  -210.155  -244.569
49.3515  -207.084  -282.158
41.6768  -210.812  -271.888
77.0047  -181.619  -270.138
62.6037  -169.133  -275.514
57.2439  -218.867  -251.656
41.229  -210.074  -254.498
79.3635  -191.587  -256.784
67.8236  -200.215  -237.361
42.2214  -200.886  -277.684
32.2828  -206.386  -267.223
56.9877  -183.969  -285.645
36.9491  -185.71  -284.099
76.6441  -182.294  -248.517
60.0811  -192.823  -228.949
32.9313  -196.492  -274.366
26.8026  -200.076  -262.007
49.504  -173.313  -283.48
27.2171  -178.623  -283.238
72.6631  -171.339  -264.105
55.3643  -160.525  -270.095
49.7932  -215.238  -240.444
35.2065  -204.41  -249.9
41.9854  -163.336  -281.929
19.9038  -172.572  -279.659
65.8813  -162.648  -257.256
58.0945  -157.76  -252.7
43.5994  -206.249  -235.951
29.8911  -200.129  -246.476
66.9443  -174.851  -242.296
51.9555  -186.48  -225.145
24.39  -190.401  -270.528
21.2567  -195.747  -257.654
48.0789  -155.989  -264.841
49.1621  -153.294  -248.163
38.6654  -199.064  -235.305
24.947  -195.542  -242.863
60.2257  -168.876  -237.568
49.8177  -163.972  -233.127
17.9613  -185.835  -264.649
15.3187  -192.198  -252.659
33.877  -158.529  -275.861
16.372  -169.943  -268.7
32.485  -193.518  -234.111
18.2195  -194.701  -238.896
39.7903  -180.371  -227.294
38.9295  -165.948  -233.087
13.9153  -183.266  -260.682
12.7098  -179.281  -251.541
28.4042  -158.176  -266.945
18.9221  -170.936  -265.669
39.8559  -149.137  -259.837
36.6141  -155.618  -243.451
25.6334  -158.726  -261.862
12.5813  -190.3  -247.062
27.0801  -188.104  -232.136
28.158  -177.568  -232.738
31.8316  -155.986  -254.496
