64.4957  -230.067  -240.006
66.671  -230.974  -229.658
56.1342  -232.847  -232.288
55  -226.292  -240.816
63.0265  -220.166  -244.446
70.1331  -221.015  -238.249
68.1146  -229.991  -221.181
57.4907  -233.486  -222.379
47.7925  -222.074  -240.877
53.5952  -217.789  -245.525
73.9672  -222.59  -228.545
48.9143  -226.784  -234.196
71.7009  -215.17  -235.044
67.7  -213.017  -242.154
39.9059  -220.72  -229.016
61.7864  -213.093  -246.44
46.2624  -207.409  -245.331
65.0336  -201.212  -239.109
51.056  -231.914  -226.136
42.801  -229.068  -217.511
74.3786  -212.187  -220.489
57.4345  -202.215  -244.344
41.6507  -196.821  -242.162
71.8424  -204.508  -231.234
61.9063  -191.688  -234.958
51.8353  -229.868  -210.24
36.2331  -221.452  -210.791
69.0157  -225.613  -207.187
67.9183  -216.083  -196.152
40.4566  -213.459  -237.165
30.2948  -214.558  -224.656
69.9061  -194.025  -227.346
61.0691  -178.828  -233.016
46.8235  -226.372  -200.539
30.4756  -214.343  -203.891
75.6104  -202.369  -213.23
64.9605  -205.533  -186.87
33.1175  -205.305  -234.477
27.0419  -204.314  -219.164
53.5863  -191.98  -239.784
35.043  -186.304  -239.201
73.4392  -191.331  -207.051
58.8671  -193.619  -179.879
27.4245  -194.97  -229.568
20.9331  -197.411  -214.996
48.898  -180.109  -237.324
29.1816  -176.307  -238.694
67.4176  -182.839  -222.555
55.5855  -168.106  -227.452
41.9888  -217.368  -190.14
25.2354  -206.734  -199.218
45.1537  -167.429  -237.509
23.1077  -167.609  -237.086
64.2715  -170.865  -217.771
61.3079  -162.694  -214.061
37.2256  -206.645  -184.383
22.2791  -199.621  -196.162
68.7447  -180.466  -200.651
51.1734  -185.2  -180.887
18.6524  -187.393  -227.444
17.8712  -190.194  -210.57
52.1795  -159.436  -224.648
57.441  -152.596  -210.033
34.4348  -198.051  -185.441
19.9969  -193.055  -193.765
65.5807  -171.276  -195.643
55.7778  -163.131  -191.885
13.0097  -181.317  -223.834
11.3376  -185.381  -205.701
40.1207  -158.75  -234.915
17.3524  -160.592  -229.875
30.3855  -189.932  -186.363
16.328  -189.217  -190.949
41.5963  -177.524  -183.437
41.9509  -161.471  -193.611
10.7256  -175.507  -218.082
11.1684  -170.241  -209.049
34.3485  -152.223  -229.059
19.066  -160.346  -220.255
47.3815  -151.711  -221.17
46.3641  -154.486  -205.476
32.081  -152.658  -222.444
5.79585  -180.759  -198.484
25.4342  -181.468  -183.331
30.7285  -169.99  -185.462
39.7552  -149.172  -215.339
