81.095  -220.06  -211.694
81.4594  -220.167  -203.839
73.1783  -223.871  -206.606
72.7128  -222.655  -216.925
80.5209  -211.942  -215.465
83.8189  -210.614  -208.951
82.0299  -219.454  -197.718
73.3487  -223.368  -199.933
64.7356  -217.467  -215.441
72.1026  -212.923  -224.493
85.3449  -211.344  -202.568
66.2015  -221.117  -208.767
84.4857  -205.41  -206.091
81.9716  -204.309  -209.973
57.5814  -216.819  -204.992
79.8519  -204.948  -218.763
63.2819  -203.266  -220.269
80.5677  -193.018  -207.193
68.924  -221.485  -202.364
62.2077  -219.843  -197.094
84.7774  -202.975  -196.454
75.0666  -194.615  -217.409
71.566  -195.019  -222.085
83.4981  -195.042  -203.426
78.9188  -182.473  -205.636
67.6709  -222.243  -191.309
55.7929  -215.295  -192.413
80.8529  -215.503  -188.327
78.8916  -209.942  -179.366
55.8017  -211.908  -213.24
51.2118  -210.044  -201.538
83.3513  -185.818  -199.903
77.1396  -171.897  -203.187
62.9873  -217.786  -184.132
48.6597  -210.106  -187.329
82.9021  -194.307  -191.069
75.022  -201.939  -171.52
47.0907  -205.713  -213.191
42.8913  -205.489  -198.066
72.3786  -184.033  -216.806
49.556  -184.234  -220.696
83.1486  -185.527  -184.506
68.6419  -193.397  -166.41
38.8085  -198.72  -210.744
40.2714  -197.665  -194.596
67.2177  -172.742  -216.126
45.3531  -179.017  -221.783
79.8046  -176.796  -196.434
73.308  -162.267  -200.682
57.4323  -212.907  -175.448
43.5336  -204.498  -184.036
61.5575  -162.874  -213.378
42.9606  -174.325  -217.542
75.3368  -167.896  -192.302
72.8192  -160.719  -189.091
52.3486  -206.369  -170.961
40.6495  -198.852  -181.692
80.6255  -176.102  -177.602
63.0366  -185.588  -162.592
36.8399  -190.794  -203.688
37.0379  -191.381  -191.544
67.7258  -156.001  -197.797
66.6133  -156.324  -186.017
48.3368  -199.34  -169.207
37.5573  -193.819  -179.423
74.0729  -169.689  -175.194
66.6925  -162.007  -170.596
31.0465  -185.707  -203.533
29.3037  -189.626  -188.14
56.6397  -157.118  -209.842
40.0387  -172.753  -214.151
43.0754  -193.112  -168.743
31.6542  -191.781  -176.788
53.3463  -177.549  -163.351
54.1528  -161.91  -173.858
28.653  -180.538  -198.783
27.1195  -178.558  -194.084
50.3416  -150.239  -210.613
38.3507  -172.674  -206.167
60.8413  -151.275  -193.762
55.0153  -156.389  -181.81
46.889  -153.461  -203.225
27.9198  -187.093  -185.165
41.1458  -184.337  -168.428
42.2126  -172.693  -171.21
53.2888  -152.953  -190.686
