77.1372  -245.11  -112.629
78.1385  -244.026  -100.431
68.4765  -248.668  -104.476
65.7634  -242.549  -114.522
73.7138  -234.638  -117.392
81.9551  -234.723  -109.595
77.4673  -240.685  -92.6082
68.8012  -245.852  -94.0461
58.2585  -237.423  -112.003
62.9103  -232.617  -117.599
81.7851  -233.884  -99.0415
60.6586  -241.565  -105.967
78.8837  -228.261  -104.823
76.8971  -225.858  -112.763
48.032  -237.813  -101.056
70.6026  -227.025  -117.459
54.5716  -221.697  -113.764
71.852  -214.109  -109.553
61.9887  -247.268  -98.4627
52.4212  -245.941  -89.1202
78.7407  -222.811  -91.2597
64.4462  -215.983  -113.948
47.6308  -210.199  -111.892
78.3171  -216.571  -101.182
65.1988  -205.883  -104.425
62.7317  -242.69  -81.5984
41.9465  -240.201  -80.0624
72.8183  -232.283  -82.9742
69.9096  -224.218  -73.3539
49.3531  -228.821  -107.412
39.6806  -229.374  -94.8277
76.7855  -203.935  -96.3941
61.1031  -196.023  -101.722
57.4434  -236.712  -70.5544
36.3026  -228.435  -72.6182
77.4262  -211.871  -83.2912
64.7784  -213.453  -65.1078
39.7069  -220.238  -105.22
29.6165  -221.03  -90.2785
57.4851  -206.726  -106.885
39.7124  -199.555  -109.217
73.7092  -200.707  -76.2539
58.7771  -203.173  -56.1249
30.8298  -210.398  -101.21
28.104  -210.421  -84.7249
51.5161  -191.931  -106.709
31.6393  -189.519  -106.297
72.2098  -192.138  -90.6042
55.6193  -179.192  -97.7136
50.4097  -226.318  -60.865
30.2188  -218.341  -68.9803
45.8796  -180.687  -102.051
23.8381  -180.16  -103.444
64.9544  -180.563  -86.8868
59.6588  -171.193  -79.6587
43.8946  -215.792  -56.9627
28.5551  -209.471  -67.1404
68.9093  -188.485  -68.2262
51.0999  -194.588  -53.0629
26.636  -199.785  -94.2747
22.6576  -202.603  -80.5167
48.3511  -168.984  -90.2926
53.9174  -160.281  -76.0841
38.8934  -207.204  -56.7649
26.1798  -200.873  -64.7098
61.0298  -180.508  -64.8406
52.642  -171.835  -59.5392
19.951  -192.799  -89.6073
12.812  -198.906  -75.5904
39.0039  -170.42  -100.701
20.0944  -174.542  -92.8172
33.145  -198.089  -56.9989
18.8188  -197.738  -60.1157
41.1066  -185.495  -52.5279
40.9473  -171.855  -60.5886
13.2422  -187.719  -85.7395
11.0646  -180.744  -77.2089
31.3161  -162.185  -95.9474
19.9661  -173.503  -86.6622
43.2853  -161.424  -86.4293
40.2621  -163.233  -70.2067
29.1605  -161.499  -86.1689
10.2017  -196.318  -69.9197
25.2274  -190.213  -51.4694
27.425  -177.049  -54.0743
35.2807  -160.279  -80.7506
