91.4081  -229.789  -249.285
92.728  -226.101  -238.74
82.9644  -232.413  -241.699
78.7708  -228.018  -250.079
88.0544  -222.884  -258.472
96.7842  -218.42  -248.721
93.3217  -222.059  -231.735
84.3245  -228.519  -233.748
72.9069  -224.221  -249.347
73.9176  -223.253  -257.208
96.3799  -215.221  -238.828
74.8943  -226.633  -244.844
97.2108  -209  -247.251
92.9094  -210.695  -257.849
65.6938  -222.577  -242.647
83.5575  -215.785  -263.328
65.8848  -212.53  -256.508
88.4336  -195.743  -260.353
78.8158  -229.935  -237.615
71.2928  -226.667  -231.795
97.0731  -201.969  -231.931
76.8305  -203.437  -266.001
57.1057  -203.777  -258.352
94.9153  -196.092  -245.047
83.702  -182.266  -259.642
79.1899  -224.102  -223.423
59.2401  -226.894  -224.768
92.0203  -213.65  -221.947
84.9123  -203.556  -218.764
61.9968  -219.404  -250.192
56.1513  -217.704  -241.554
90.4159  -182.97  -242.692
75.2322  -170.156  -256.053
74.8598  -220.803  -212.345
52.0092  -218.745  -218.645
93.0142  -189.983  -227.431
82.4286  -192.947  -209.496
53.9243  -212.431  -249.338
47.4812  -209.929  -238.284
69.4613  -191.716  -268.74
46.2839  -195.638  -265.235
89.6563  -177.693  -223.053
74.4291  -182.738  -205.682
45.055  -203.984  -246.299
41.773  -201.585  -236.457
61.3099  -178.574  -269.139
37.2293  -187.317  -263.46
86.9875  -168.662  -240.64
68.2079  -158.184  -252.928
67.0916  -211.889  -204.26
43.5854  -211.746  -216.539
53.0626  -167.243  -267.128
29.0962  -178.865  -263.412
75.8599  -160.733  -237.076
70.6108  -151.59  -235.253
60.3761  -203.389  -200.346
40.7318  -205.315  -216.09
81.7869  -166.74  -219.608
67.4601  -174.445  -202
36.1652  -197.204  -245.541
34.4072  -197.941  -234.161
60.7608  -150.768  -251.091
61.12  -148.502  -233.584
54.3737  -194.221  -200.414
39.982  -197.517  -217.028
73.9454  -159.643  -218.208
63.0708  -154.585  -217.559
30.2567  -189.869  -244.222
27.0852  -193.936  -229.601
44.5465  -158.698  -265.355
23.7217  -171.561  -254.436
48.2914  -186.435  -203.68
32.2913  -192.188  -214.841
54.5088  -164.475  -197.741
50.0414  -149.02  -215.118
24.104  -186.456  -242.021
19.0549  -175.238  -232.647
36.0585  -152.757  -258.317
23.5711  -164.907  -244.043
50.915  -142.403  -246.38
46.9346  -142.487  -227.758
32.3886  -153.106  -248.211
23.1281  -189.861  -225.45
39.9583  -180.606  -197.766
39.7889  -164.913  -210.845
39.9852  -148.419  -240.572
