78.5515  -186.195  -270.309
84.5281  -190.163  -260.123
71.5288  -193.233  -262.902
68.6459  -184.592  -268.279
73.5256  -176.184  -269.768
82.5112  -176.231  -265.756
84.3726  -188.956  -250.219
74.1363  -194.985  -252.953
61.8618  -182.241  -265.844
64.9609  -176.63  -271.244
88.8139  -178.608  -256.427
64.4457  -187.267  -261.758
85.1662  -169.834  -261.783
78.5842  -168.34  -267.537
55.3013  -185.106  -256.706
71.74  -169.385  -272.522
56.6514  -169.342  -268.21
75.9288  -156.508  -263.483
68.0627  -191.245  -256.68
61.4609  -190.297  -247.631
87.3637  -170.762  -245.287
66.1296  -160.338  -268.776
47.8352  -162.198  -267.814
84.9309  -160.041  -255.432
73.8947  -145.218  -259.51
69.8516  -192.165  -241.498
57.055  -186.625  -239.879
82.9247  -185.65  -238.15
81.2544  -181.076  -227.68
51.8464  -178.913  -263.04
48.7383  -181.787  -250.103
85.9699  -149.152  -248.979
69.8467  -135.025  -252.808
65.8263  -189.559  -232.406
51.0825  -183.269  -231.721
85.9211  -163.359  -236.042
77.8688  -174.813  -217.084
46.7696  -173.533  -257.084
42.3374  -176.602  -243.639
61.272  -150.441  -266.434
39.5474  -154.449  -264.458
84.4229  -155.455  -226.978
71.8875  -168.54  -207.861
38.9569  -167.496  -250.99
34.9751  -174.6  -237.502
54.3052  -138.686  -263.459
30.767  -146.419  -258.759
79.5322  -141.281  -240.844
63.6717  -128.056  -244.685
61.2648  -184.894  -223.049
46.3618  -177.638  -225.703
48.3916  -132.478  -253.675
25.5025  -140.619  -251.846
75.0879  -133.463  -232.535
69.1425  -129.034  -226.509
56.6744  -181.311  -214.735
41.7385  -174.032  -220.608
79.3748  -148.284  -217.692
64.6936  -163.294  -203.752
31.6722  -163.22  -246.045
31.3785  -169.764  -231.864
57.8281  -124.453  -238.136
61.923  -124.937  -220.526
52.1527  -174.068  -212.041
37.4149  -172.209  -216.247
73.1131  -143.196  -211.97
63.5206  -140.563  -208.351
25.1727  -160.897  -241.006
26.7337  -167.93  -225.852
42.6747  -128.52  -246.974
24.674  -140.576  -241.139
46.025  -169.755  -209.447
31.5668  -173.429  -211.259
55.1561  -157.943  -202.306
52.0064  -140.692  -207.05
22.9408  -158.191  -235.246
23.374  -155.411  -227.297
38.0163  -127.196  -239.249
28.7356  -142.686  -236.244
51.1466  -121.608  -231.182
49.151  -131.497  -215.774
37.3651  -128.839  -232.634
23.0348  -166.597  -217.42
39.7022  -165.858  -203.746
43.1698  -153.949  -203.93
44.4302  -126.447  -225.948
