95.6712  -184.54  -221.101
93.6976  -185.702  -209.313
85.4346  -190.018  -216.306
83.252  -181.972  -222.137
88.8218  -174.08  -222.757
96.7502  -175.266  -214.379
89.7147  -184.585  -203.524
85.1762  -188.743  -207.866
76.118  -178.514  -222.352
78.3222  -173.647  -222.821
94.5362  -177.403  -205.935
78.0834  -184.558  -218.924
96.2931  -168.507  -210.553
91.2802  -166.494  -218.749
68.5979  -182.51  -218.067
84.3313  -167.761  -223.646
69.6637  -166.331  -223.67
86.0815  -154.971  -217.704
81.2989  -187.796  -211.589
73.7379  -188.16  -207.879
89.8591  -171.237  -198.146
77.0765  -159.272  -222.804
62.1609  -157.478  -225.366
96.0388  -159.208  -205.497
80.8355  -145.43  -215.284
78.8393  -189.581  -200.47
64.8679  -186.862  -204.938
83.7337  -180.14  -197.395
81.5987  -177.613  -190.121
67.4087  -173.361  -221.021
59.3145  -177.263  -216.847
91.9321  -148.862  -200.609
74.4392  -135.4  -212.362
72.7116  -188.214  -194.661
57.649  -182.275  -201.17
86.2721  -164.806  -191.336
74.7775  -171.593  -186.048
60.1671  -171.379  -219.978
51.3231  -174.679  -214.245
70.4076  -150.304  -222.139
53.5646  -151.484  -224.105
80.3506  -157.702  -187.448
67.2614  -166.015  -182.459
49.6638  -163.208  -220.668
43.5861  -171.874  -213.054
62.6876  -140.575  -220.813
45.9828  -146.592  -223.469
83.2855  -140.201  -195.977
66.8074  -126.483  -208.889
65.4715  -182.559  -190.16
51.3504  -177.477  -199.012
54.7768  -135.109  -217.741
39.4569  -141.221  -222.115
73.2114  -135.66  -193.426
65.5979  -130.284  -189.842
59.4182  -176.939  -187.508
45.1568  -175.789  -197.324
72.616  -151.474  -182.682
60.0896  -162.466  -181.868
40.9421  -157.833  -221.472
39.0846  -167.033  -209.986
58.7095  -121.741  -206.735
56.1799  -128.29  -189.801
53.3173  -173.914  -185.338
39.555  -173.798  -195.707
64.6397  -147.556  -182.564
56.9799  -143.934  -182.485
34.3733  -156.477  -219.537
30.8622  -165.152  -207.632
47.5966  -131.976  -214.363
31.9777  -137.531  -219.282
46.1131  -171.275  -182.546
35.7472  -169.734  -193.516
51.4606  -157.351  -179.254
49.2653  -142.564  -183.144
28.7783  -152.924  -216.395
26.9537  -149.976  -207.025
41.2765  -130.043  -211.082
30.4929  -137.025  -206.172
48.5386  -119.825  -201.33
44.9754  -132.017  -190.392
33.7976  -129.764  -205.473
31.6322  -162.321  -204.762
41.3635  -163.351  -184.303
41.7164  -152.337  -185.395
40.1796  -127.512  -199.563
