62.4012  -200.907  -250.321
66.924  -203.343  -240.249
54.3792  -204.801  -241.389
52.4612  -196.099  -246.518
58.5767  -190.22  -251.37
66.1075  -190.58  -247.286
68.838  -202.316  -230.68
56.2703  -204.27  -232.173
45.7996  -193.37  -245.065
50.0267  -188.82  -250.159
68.9459  -191.472  -238.872
47.9696  -198.347  -239.87
66.5828  -185.744  -243.122
60.6842  -185.104  -248.219
38.1602  -195.93  -234.729
56.2681  -184.911  -250.001
42.6863  -181.234  -247.847
57.9501  -175.952  -246.403
50.9076  -202.413  -234.196
42.5946  -202.979  -225.879
71.5405  -183.337  -230.32
50.3285  -176.513  -247.789
34.6447  -173.589  -247.46
65.449  -176.099  -238.444
56.1465  -163.818  -240.554
51.5769  -205.022  -219.442
35.1057  -199.9  -218.201
64.2205  -195.233  -220.716
65.5133  -191.498  -208.714
36.7676  -188.447  -241.693
30.4861  -191.396  -229.363
63.3322  -166.837  -235.013
52.7682  -152.049  -235.27
47.2636  -204.778  -210.324
30.6944  -191.617  -212.792
69.5458  -175.056  -223.014
61.5972  -182.418  -198.53
29.5523  -182.382  -237.601
26.4064  -182.897  -223.626
46.5041  -165.182  -248.37
25.8379  -165.622  -246.775
68.8445  -165.68  -215.619
55.8574  -173.784  -188.735
21.7778  -175.585  -232.82
17.7239  -178.578  -218.858
41.2782  -154.137  -247.126
18.028  -157.681  -244.17
60.9921  -156.745  -230.915
48.5187  -143.007  -234.971
40.0502  -199.325  -198.833
24.8716  -183.876  -206.43
35.0451  -145.706  -242.614
13.5834  -151.577  -237.508
58.945  -146.112  -225.171
53.7819  -140.121  -220
35.8255  -188.016  -193.625
23.2862  -176.775  -203.173
63.4401  -156.974  -207.885
47.8188  -167.061  -185.869
14.1012  -170.374  -228.669
13.3715  -174.045  -214.007
43.5901  -136.691  -230.576
46.67  -134.379  -214.6
32.3775  -178.697  -195.776
16.4272  -178.517  -198.274
59.9819  -149.181  -201.37
48.3282  -144.356  -196.513
7.11949  -166.775  -224.912
8.39164  -171.469  -209.008
28.4284  -138.651  -238.823
11.6366  -149.266  -227.367
26.9029  -174.138  -195.055
12.8549  -174.507  -196.132
35.8777  -161.707  -187.385
34.5267  -145.849  -197.343
4.45649  -163.103  -219.16
8.38701  -159.56  -209.404
22.6301  -135.199  -231.009
12.9804  -148.513  -224.203
36.6544  -130.739  -224.687
37.3194  -135.552  -208.027
21.1021  -137.745  -223.624
4.81399  -171.223  -201.697
20.7371  -168.058  -191.019
25.4483  -158.4  -191.321
28.4444  -133.327  -217.154
