82.4755  -188.257  632.26
77.9844  -188.726  643.672
68.5203  -195.113  637.191
64.8917  -186.045  626.917
69.4951  -178.759  624.723
77.3333  -177.497  633.419
75.9645  -187.137  653.949
68.6117  -193.781  649.945
60.3807  -183.106  628.45
61.1059  -178.156  627.396
78.8377  -178.229  646.067
60.5979  -189.444  634.461
77.0054  -170.755  637.387
71.4378  -170.108  628.465
51.8861  -190.127  638.079
65.0124  -173.245  626.818
55.9764  -172.696  625.874
67.5714  -159.92  631.168
63.4069  -194.523  644.555
55.7349  -195.58  653.037
80.4516  -169.146  658.458
59.5897  -167.112  628.142
50.8126  -166.45  627.856
75.5018  -160.814  642.608
63.3771  -150.867  634.681
62.3828  -193.896  663.731
48.6082  -191.875  660.102
70.6272  -181.84  666.636
67.685  -177.57  678.086
52.8798  -180.153  630.3
42.7181  -188.055  641.793
75.4879  -149.097  647.621
59.1524  -140.922  637.488
56.2781  -187.101  670.51
43.0323  -185.399  666.451
78.5554  -160.838  668.726
60.4305  -169.584  684.627
45.5025  -177.243  631.476
37.4594  -181.098  647.864
55.7439  -158.117  629.182
42.5162  -160.156  628.193
73.1601  -151.76  676.393
52.7036  -163.419  689.636
38.2707  -172.372  636.59
31.4791  -176.108  652.265
49.9668  -148.253  628.275
34.8902  -154.507  629.711
70.3121  -138.725  653.934
53.0539  -132.423  641.72
50.0934  -180.787  678.098
38.0743  -179.305  671.239
43.0919  -141.77  632.465
27.2159  -150.311  630
64.1378  -130.768  660.795
55.7707  -127.068  665.532
45.2423  -172.438  680.664
35.3043  -173.594  674.278
64.2921  -144.385  682.528
45.8127  -159.833  689.165
31.5197  -166.822  640.383
26.9013  -172.417  656.769
46.7671  -128.598  646.882
46.5395  -125.151  668.641
39.188  -168.551  681.941
29.6223  -172.662  678.318
56.7255  -139.391  686.708
49.0231  -140.595  686.344
24.8408  -164.437  642.599
20.4745  -172.432  662.151
36.8905  -136.531  635.357
19.049  -147.014  636.099
34.8395  -167.125  684.089
24.3197  -169.992  680.587
40.0915  -156.593  692.112
39.797  -143.09  682.183
19.9271  -163.049  647.195
17.1243  -157.002  662.21
29.8695  -132.217  639.585
16.728  -144.368  648.264
39.5122  -126.066  652.307
40.7743  -131.556  675.344
25.4424  -133.712  651.098
14.9516  -167.243  671.392
28.1805  -165.482  690.674
33.0562  -154.355  688.787
31.512  -129.835  659.18
