97.6102  -195.524  -253.898
97.6907  -193.769  -242.72
86.7252  -204.6  -247.975
83.6911  -203.025  -256.569
92.0952  -186.474  -258.932
97.1116  -186.309  -248.615
95.2914  -193.001  -231.738
91.0944  -206.552  -237.916
70.2504  -202.966  -259.237
82.7768  -191.381  -261.516
96.3904  -185.627  -244.493
80.4951  -207.47  -251.298
93.5596  -176.835  -248.469
90.7062  -181.584  -255.114
68.3056  -209.641  -243.63
85.6662  -183.863  -260.146
68.0084  -191.23  -265.462
83.3523  -169.819  -254.352
81.8614  -208.766  -243.043
71.5146  -211.315  -233.727
95.6781  -173.537  -231.193
80.9434  -174.238  -261.905
53.9319  -182.294  -261.204
93.0002  -173.473  -244.293
76.7059  -159.722  -252.414
86.7464  -209.309  -224.968
58.9275  -208.6  -219.335
94.8754  -191.326  -223.411
85.0092  -184.433  -208.945
64.3474  -198.228  -253.811
54.5964  -202.109  -237.163
83.6599  -156.957  -239.152
68.5297  -150.565  -249.118
80.8152  -202.688  -208.424
53.3992  -204.882  -213.039
97.1628  -168.818  -224.841
77.0695  -181.528  -199.684
48.6671  -190.876  -249.811
48.6059  -198.686  -230.781
66.3665  -162.752  -259.093
43.0611  -176.365  -260.452
90.2262  -159.609  -219.248
68.5618  -174.701  -192.277
43.125  -185.923  -252.096
37.1643  -194.63  -225.898
56.9489  -154.179  -257.462
31.7526  -171.061  -259.871
74.6526  -148.836  -234.161
61.7836  -141.956  -243.434
72.8531  -198.041  -200.041
44.2871  -200.103  -210.4
46.3892  -144.265  -255.3
22.9088  -162.874  -257.275
73.5441  -141.25  -231.044
62.3636  -134.591  -221.691
60.2316  -195.64  -196.797
39.4795  -191.885  -209.242
78.7976  -148.507  -212.539
58.9805  -160.777  -186.938
34.4905  -179.896  -247.707
32.2847  -187.566  -221.672
50.5096  -135.761  -241.478
52.7977  -128.859  -218.049
51.9519  -182.887  -191.126
32.6279  -185.549  -213.194
69.4773  -142.944  -206.925
54.1443  -138.749  -201.159
20.5491  -176.408  -236.832
25.7171  -181.251  -218.513
33.9905  -138.011  -252.336
16.2707  -159.171  -240.005
40.3794  -177.747  -189
24.538  -181.395  -206.928
41.0909  -158.05  -193.158
38.9091  -143.052  -208.356
13.121  -170.403  -230.43
13.5132  -160.761  -223.806
24.2233  -137.341  -241.791
19.3055  -158.534  -230.989
38.1877  -131.421  -230.038
39.1512  -140.172  -213.833
26.225  -142.044  -233.314
18.801  -181.297  -212.972
33.0563  -168.279  -195.641
31.7685  -162.002  -200.319
32.0936  -140.099  -226.082
