83.6822  -224.586  -212.285
84.7969  -223.9  -201.657
74.267  -227.42  -205.905
73.119  -223.903  -215.946
83.1479  -218.282  -220.659
90.2519  -216.206  -210.747
83.7555  -221.002  -194.179
74.35  -226.034  -196.227
64.9335  -219.228  -215.372
71.0952  -215.374  -219.546
87.9942  -214.596  -200.962
65.3002  -224.643  -209.633
91.1237  -209.291  -208.176
89.9057  -208.985  -219.621
54.9439  -218.412  -205.363
80.0036  -210.568  -224.027
61.6009  -207.926  -221.681
86.5235  -196.326  -218.308
67.2453  -228.414  -200.825
57.8041  -224.827  -193.216
86.431  -205.208  -193.917
74.4963  -200.651  -226.122
52.9529  -198.768  -226.19
89.4802  -199.371  -205.079
80.1405  -187.481  -212.934
66.7912  -225.264  -183.86
47.0802  -221.967  -187.775
80.5933  -215.144  -183.511
75.3916  -207.399  -177.115
55.4283  -212.267  -213.271
47.7833  -210.989  -200.301
86.5824  -189.43  -201.697
74.3744  -178.127  -209.198
60.201  -220.011  -176.631
40.7647  -213.217  -182.613
83.5041  -196.458  -188.26
70.6426  -199.161  -168.611
47.3703  -205.75  -211.616
38.8552  -204.954  -198.091
68.612  -190.11  -224.105
44.7812  -190.544  -223.804
80.2824  -187.635  -182.575
63.5853  -190.924  -161.29
41.209  -196.18  -206.751
33.7884  -196.008  -194.398
62.7837  -178.54  -224.51
36.0416  -182.646  -222.875
82.9096  -179.274  -198.025
68.0552  -167.928  -207.032
52.0239  -213.878  -166.341
37.3414  -201.915  -180.729
54.6519  -170.342  -218.862
28.5621  -174.276  -218.749
73.9432  -171.83  -194.165
67.3107  -165.702  -190.908
45.1148  -204.683  -162.343
32.5303  -195.467  -178.22
74.2471  -178.366  -176.655
55.258  -184.159  -160.766
30.3175  -189.725  -205.329
26.6415  -191.531  -190.934
61.4616  -160.421  -204.202
59.6429  -160.703  -188.445
40.3533  -197.173  -163.87
26.0717  -193.18  -175.024
67.62  -171.482  -173.324
58.4951  -164.9  -170.731
25.4941  -184.717  -200.366
17.5248  -190.158  -188.016
46.8156  -163.828  -215.271
29.6568  -173.277  -204.238
34.8264  -189.561  -166.839
17.7024  -193.204  -170.477
44.6053  -176.548  -159.188
44.5721  -162.774  -172.061
20.9114  -182.384  -197.079
16.9994  -178.68  -190.453
39.2155  -159.316  -209.648
30.0367  -171.732  -203.331
52.591  -155.676  -199.952
53.0118  -157.451  -183.978
38.6344  -161.567  -208.451
16.3637  -186.489  -183.971
30.2585  -184.544  -165.135
33.5296  -174.709  -167.175
44.8048  -154.939  -196.677
