63.2593  -227.71  -273.784
58.5418  -227.381  -262.377
48.4357  -233.168  -269.687
50.4018  -223.341  -276.976
59.7833  -220.371  -276.707
62.4951  -219.648  -267.684
58.565  -224.858  -254.856
48.2899  -233.091  -256.881
44.5253  -216.483  -276.478
50.892  -215.423  -277.977
61.5117  -219.172  -260.17
40.552  -224.918  -274.049
63.4845  -216.956  -263.696
62.9545  -216.008  -270.198
30.0752  -217.387  -270.517
59.3323  -215.117  -277.056
45.343  -206.651  -278.581
62.6167  -206.879  -266.759
39.8734  -230.362  -264.415
30.146  -226.172  -256.576
62.441  -211.676  -252.187
56.5563  -206.037  -275.341
41.4145  -196.622  -280.253
64.5662  -209.209  -259.273
61.0047  -198.942  -262.677
40.9637  -227.52  -245.03
22.2061  -217.828  -250.742
56.4948  -216.974  -245.82
53.9872  -209.789  -239.128
34.9952  -209.489  -278.503
23.1403  -208.512  -266.831
62.6211  -201.495  -255.324
59.4245  -190.799  -259.063
35.6  -220.804  -236.213
18.4526  -208.962  -244.461
60.8479  -204.041  -247.197
53.2987  -204.175  -229.323
28.3275  -201.25  -277.74
18.5203  -200.395  -261.786
54.977  -196.413  -273.14
37.2234  -186.202  -282.374
59.4996  -197.552  -240.788
48.0772  -196.269  -219.895
20.7147  -192.459  -276.491
16.1804  -191.056  -258.324
52.5739  -186.159  -270.638
32.2446  -175.032  -283.454
61.6237  -194.633  -250.789
56.0698  -182.091  -256.236
31.0534  -212.074  -228.725
16.6071  -199.594  -241.492
49.8672  -175.789  -269.672
28.1803  -169.191  -274.985
60.1894  -185.262  -246.617
59.3641  -177.737  -242.236
27.6728  -202.335  -224.617
17.8746  -190.973  -239.873
58.0506  -189.623  -234.13
42.3331  -187.89  -219.579
15.2355  -183.92  -273.708
14.5776  -184.164  -255.038
53.9473  -173.052  -253.233
55.4512  -170.547  -239.364
26.7233  -192.45  -226.18
15.8643  -184.331  -237.595
54.9819  -182.806  -229.841
50.0745  -175.492  -226.685
12.8362  -176.365  -267.705
11.36  -177.756  -250.576
46.2289  -166.177  -268.527
22.7653  -161.941  -269.345
23.6858  -184.908  -226.506
11.2909  -182.634  -235.836
35.8459  -179.875  -222.32
41.0148  -170.517  -226.354
13.904  -172.745  -260.855
13.0178  -170.116  -254.081
40.3489  -158.66  -263.774
20.5887  -159.385  -262.646
51.0709  -163.988  -251.108
46.2759  -164.805  -237.412
39.435  -160.658  -258.225
8.21506  -175.514  -246.044
21.8702  -179.397  -226.67
27.6756  -173.111  -225.296
43.266  -157.785  -247.554
