87.0288  -225.535  -267.721
88.0093  -225.528  -257.043
77.7305  -230.016  -262.119
76.7099  -224.478  -270.97
85.1342  -216.808  -273.166
92.3411  -215.917  -265.094
87.6885  -223.704  -248.344
77.5998  -229.423  -251.838
67.9125  -221.336  -271.754
74.2483  -215.644  -274.399
91.0587  -215.094  -255.239
68.815  -226.112  -265.55
92.5605  -208.619  -261.745
88.8321  -207.765  -269.471
56.1022  -223.283  -262.446
82.3901  -209.71  -274.76
64.2255  -207.393  -278.062
87.1898  -194.365  -269.796
70.9732  -229.371  -257.156
60.1677  -228.387  -249.764
91.6697  -205.095  -246.09
76.5388  -198.717  -276.489
56.5311  -197.605  -276.382
92.0717  -197.389  -258.026
82.6209  -183.08  -266.829
69.2389  -226.975  -240.545
48.9436  -224.462  -243.731
84.3176  -218.507  -235.841
80.0898  -210.576  -226.44
56.5495  -215.753  -271.23
45.5931  -217.05  -258.975
88.2568  -186.252  -253.69
76.8409  -171.399  -263.055
61.5808  -222.189  -231.434
43.6949  -213.838  -238.898
89.6892  -195.038  -237.865
72.9267  -200.529  -219.268
47.1372  -208.525  -269.473
37.7347  -208.697  -254.605
70.479  -187.645  -275.478
48.1061  -188.077  -274.555
85.7136  -183.994  -230.994
64.2652  -190.915  -213.189
37.9351  -200.498  -266.563
32.7204  -200.204  -251.043
63.283  -176.185  -273.097
38.675  -179.235  -277.185
84.5021  -174.064  -249.171
68.7727  -161.069  -258.678
53.1927  -216.752  -221.416
36.8929  -206.293  -235.847
55.2774  -166.062  -270.141
31.0088  -170.951  -274.781
78.0955  -162.803  -243.619
70.3407  -155.364  -240.326
46.6896  -206.005  -219.461
34.1927  -199.227  -234.242
77.235  -173.598  -225.049
55.5676  -183.06  -209.645
28.915  -193.207  -264.197
25.4228  -195.96  -247.531
61.8832  -152.55  -256.204
60.3852  -148.023  -237.154
41.0312  -196.977  -220.894
27.9695  -194.262  -231.663
70.979  -164.61  -220.437
57.8718  -158.921  -219.607
19.0262  -188.618  -264.171
20.4387  -189.335  -243.791
47.495  -158.259  -267.935
23.6933  -165.868  -265.372
34.9344  -190.494  -220.379
23.0013  -189.12  -230.402
44.0585  -175.262  -214.974
45.3925  -160.102  -222.344
16.4488  -181.488  -255.397
18.1628  -176.786  -248.687
38.1688  -151.371  -263.21
23.3159  -165.187  -256.641
52.0941  -145.695  -251.436
45.8598  -149.943  -233.914
34.1011  -152.152  -255.27
18.0551  -184.964  -239.14
29.8191  -183.948  -222.134
32.8611  -171.53  -221.008
40.0467  -149.113  -245.165
