68.0174  -206.176  -260.36
68.8775  -204.014  -250.142
63.0757  -212.622  -252.322
57.2158  -206.36  -261.023
61.7747  -198.366  -264.918
68.8908  -196.685  -258.43
68.2867  -201.3  -243.978
64.6427  -209.163  -242.719
47.44  -204.841  -260.285
51.3334  -198.96  -265.209
70.1756  -196.154  -249.864
50.6781  -212.018  -254.807
68.1002  -191.157  -255.498
64.279  -190.141  -262.401
40.0565  -208.357  -248.269
57.4937  -192.43  -266.967
40.6715  -192.105  -264.123
59.7021  -179.286  -261.689
56.845  -212.989  -246.298
50.3021  -212.272  -237.478
71.1448  -187.458  -242.889
50.1486  -183.559  -266.696
33.0928  -184.163  -261.074
64.7775  -182.391  -251.865
53.3452  -171.274  -257.068
61.4507  -208.634  -230.981
40.4204  -210.236  -228.086
69.233  -196.942  -233.644
68.6017  -190.686  -224.501
37.821  -199.816  -255.645
31.658  -202.483  -242.665
62.8665  -172.082  -249.474
48.4162  -160.491  -255.764
57.2631  -204.601  -221.786
34.353  -203.394  -217.994
68.8268  -178.82  -237.162
63.6731  -182.992  -217.325
27.5924  -195.267  -252.902
21.7914  -198.512  -236.953
43.8171  -175.061  -262.405
23.8936  -177.098  -259.688
66.9567  -169.926  -230.465
56.7611  -175.752  -209.261
22.3275  -186.972  -246.665
19.633  -190.275  -232.094
36.1812  -164.684  -263.806
14.2276  -169.509  -258.639
58.7258  -162.482  -244.728
43.4857  -149.881  -252.199
52.4927  -199.521  -213.072
27.8869  -195.664  -215.348
28.406  -155.786  -258.233
6.98096  -160.929  -254.306
53.5671  -153.424  -239.519
48.2442  -146.308  -235.14
46.6654  -195.237  -204.968
24.9482  -188.418  -213.662
61.162  -160.252  -223.255
50.1466  -167.774  -202.253
14.328  -180.994  -242.607
15.4731  -184.79  -227.624
36.8736  -143.469  -247.971
40.3868  -139.961  -229.989
39.0774  -187.874  -202.649
22.8984  -182.585  -213.375
53.4843  -153.586  -219.481
44.9137  -146.83  -213.481
8.24444  -175.774  -238.512
9.75446  -181.268  -222.531
21.5022  -150.265  -253.482
2.57288  -158.221  -244.568
31.6059  -181.728  -200.089
17.5996  -179.475  -209.727
37.5197  -161.913  -199.682
31.8122  -149.494  -211.218
2.64851  -172.353  -233.121
4.3149  -165.273  -222.356
12.5277  -144.398  -247.118
6.44416  -156.613  -233.361
27.9024  -137.177  -240.574
31.0038  -140.909  -220.135
13.5041  -147.248  -235.144
9.58201  -178.565  -215.421
24.0471  -171.66  -205.547
23.2453  -160.904  -206.887
21.1449  -145.171  -231.756
