84.3304  -236.008  -280.272
86.6721  -232.341  -268.683
75.5206  -234.121  -269.629
72.9704  -233.368  -279.742
80.731  -226.044  -286.207
88.6101  -223.701  -280.485
90.0625  -230.141  -259.745
76.9704  -232.303  -260.511
66.7711  -227.755  -276.935
70.8562  -224.548  -283.526
92.4566  -222.43  -270.179
67.6976  -232.09  -271.037
92.4383  -216.552  -280.071
84.3792  -216.859  -283.613
61.0068  -224.222  -265.384
78.6812  -219.212  -287.653
63.925  -216.046  -282.009
82.5158  -204.144  -283.372
72.6673  -232.24  -263.138
66.2837  -224.971  -255.343
98.6197  -210.836  -262.909
73.804  -208.864  -288.322
53.9243  -207.645  -287.844
92.2319  -204.354  -278.156
80.7831  -191.91  -282.881
72.3306  -227.306  -248.458
60.8916  -219.276  -248.832
87.8518  -220.642  -249.219
87.3462  -212.058  -239.662
61.6172  -218.931  -272.817
57.8538  -214.044  -260.827
96.9691  -190.905  -277.509
77.7538  -180.797  -280.621
68.5526  -220.803  -239.984
57.0247  -209.023  -244.782
99.4039  -198.834  -255.933
83.8595  -200.752  -232.366
56.0501  -211.692  -268.39
53.4469  -204.597  -256.955
69.7529  -197.538  -287.586
55.6332  -195.782  -273.545
97.8649  -186.126  -250.307
78.8254  -190.078  -225.051
56.1652  -199.306  -263.064
46.691  -197.024  -252.098
64.72  -185.242  -286.973
45.8543  -187.718  -274.922
92.2944  -178.072  -273.305
73.3262  -168.957  -279.367
64.1062  -211.324  -232.821
50.5285  -202.764  -238.542
58.695  -175.848  -283.083
38.5292  -180.866  -274.13
88.5377  -165.572  -267.938
83.0499  -156.381  -263.82
59.2713  -202.021  -228.991
45.2333  -198.129  -234.86
92.1591  -174.044  -243.777
71.2164  -182.249  -224.161
43.2939  -194.494  -260.186
37.9338  -194.95  -247.559
68.185  -160.282  -276.003
73.0794  -150.045  -258.906
54.7044  -196.611  -223.78
39.3785  -195.506  -229.503
86.4374  -164.917  -239.81
74.8547  -157.677  -235.924
37.4126  -188.697  -255.902
30.8639  -192.724  -242.091
51.299  -165.72  -284.558
32.0561  -174.149  -269.441
49.1469  -191.073  -219.366
35.302  -192.904  -227.095
61.174  -174.894  -222.908
57.9386  -162.15  -238.342
32.4552  -187.115  -253.841
27.1975  -178.22  -244.992
44.9696  -158.873  -277.367
33.0189  -171.614  -261.787
61.2835  -152.708  -270.949
61.1383  -154.663  -251.243
45.1003  -160.936  -266.928
28.27  -188.861  -236.128
45.5403  -183.359  -219.045
46.9899  -169.786  -225.096
54.7865  -154.197  -263.515
