80.5099  -189.524  990.168
81.9777  -190.71  999.964
72.7304  -194.97  996.518
70.9491  -188.513  988.943
78.6176  -180.414  984.955
84.1999  -179.561  993.668
82.4891  -190.316  1006.73
73.9145  -194.582  1004.34
63.8467  -185.718  990.279
68.3461  -180.596  984.124
84.2679  -181.244  1001.97
66.0335  -189.341  996.11
83.8673  -173.781  997.561
80.826  -172.039  991.254
60.3802  -185.398  999.963
75.763  -173.027  984.182
59.9866  -173.195  984.182
78.2995  -160.765  993.617
68.7923  -195.842  1001.48
62.5524  -194.167  1007.51
84.4654  -173.601  1009.54
71.1942  -163.463  983.858
54.1173  -165.383  986.284
83.3592  -164.404  1001.37
74.9808  -151.942  997.492
69.0436  -193.888  1012.77
58.4215  -189.876  1012.41
79.687  -185.803  1015.39
76.3078  -180.803  1021.07
55.8439  -181.905  991.867
53.4217  -182.661  1003
80.7681  -155.601  1005.12
70.8679  -144.014  1001.67
65.1811  -189.625  1017.77
53.607  -183.525  1016.14
83.4586  -166.412  1015.34
74.4289  -175.826  1029.4
49.7883  -176.88  995.18
50.3613  -175.303  1006.68
66.452  -154.146  986.532
47.1152  -157.451  986.3
77.3202  -159.829  1018.47
69.3554  -170.35  1035.57
46.8804  -168.629  1001.68
44.7127  -169.943  1011.21
61.954  -142.917  986.73
40.9046  -151.276  990.118
76.6002  -148.412  1008.86
66.9638  -136.602  1004.15
61.0124  -183.274  1022.59
50.0583  -176.826  1020.32
55.7475  -136.023  991.699
36.2034  -146.748  994.876
72.4575  -141.736  1012.44
69.3674  -137.159  1016.21
56.4603  -176.806  1025.74
47.2001  -171.3  1022.6
75.7918  -153.255  1025.38
63.9455  -165.886  1039.03
39.067  -164.827  1004.45
41.2571  -164.157  1015.19
62.8653  -131.121  1007.42
64.2127  -136.011  1017.61
52.9673  -171.103  1025.93
40.6615  -170.222  1027.72
70.3569  -149.151  1027.87
64.5469  -145.736  1030.69
34.1885  -162.279  1007.49
37.6782  -165.021  1017.53
49.7565  -132.818  997.051
32.5298  -144.752  1001.63
47.7684  -169.655  1028.69
37.8048  -169.873  1025.48
56.2581  -160.759  1041.58
55.5959  -144.17  1033.65
33.9493  -161.185  1008.29
29.6552  -157.969  1015.73
44.1533  -130.089  1002.26
33.9298  -145.229  1008.01
56.9482  -127.231  1010.7
57.0236  -135.434  1017.27
42.3076  -131.951  1007.16
31.1642  -162.894  1016.73
38.7496  -167.505  1037.62
45.0984  -156.854  1037.55
50.9385  -129.321  1013.87
