93.51  -215.269  963.558
94.4449  -215.712  973.668
85.0389  -218.194  970.469
82.7622  -213.701  962.687
89.533  -206.623  957.961
97.7272  -205.057  966.135
95.8098  -214.895  981.894
85.4456  -218.738  977.674
77.1272  -211.678  963.062
79.1135  -206.52  959.599
99.8656  -205.536  975.886
77.9002  -215.495  967.429
99.9071  -196.713  968.979
94.293  -196.289  960.283
69.9958  -213.08  969.554
86.3775  -198.794  958.263
70.5487  -199.543  955.86
89.9964  -182.426  962.09
81.0959  -220.354  973.963
75.224  -218.094  979.833
102.32  -194.836  986.406
80.8513  -188.116  956.545
64.6056  -189.708  959.264
99.8101  -184.608  972.987
85.9773  -170.499  964.735
80.4684  -218.02  987.145
67.7518  -215.1  984.986
93.7971  -209.974  993.115
90.3408  -204.099  1003.81
67.8373  -207.025  963.57
62.5936  -208.146  972.539
97.1293  -171.822  977.874
81.0094  -157.959  967.711
75.4038  -215.185  995.122
60.3878  -209.262  990.189
99.522  -184.843  994.204
85.7263  -196.185  1013.8
61.3006  -201.056  965.922
54.5439  -202.305  975.914
74.4786  -177.395  957.219
56.9489  -181.074  961.584
96.5487  -173.849  1001.74
77.1567  -187.136  1018.67
53.362  -194.442  970.958
50.5107  -193.708  979.472
67.5988  -166.298  959.58
48.2097  -173.949  960.537
92.6988  -159.001  983.293
73.2983  -149.159  973.054
69.382  -207.49  1001.66
56.0399  -200.769  993.472
60.3277  -156.728  961.857
41.1666  -167.599  962.563
84.4676  -150.615  988.565
76.0983  -145.579  992.104
63.7481  -199.772  1005.04
51.8112  -195.613  995.999
89.5601  -162.961  1008.39
69.2383  -179.51  1020.85
45.8937  -187.787  973.841
45.0121  -189.253  982.786
66.1073  -144.823  977.719
66.9543  -142.834  993.893
58.0563  -195.105  1007.61
48.7533  -188.208  998.164
81.3657  -155.591  1011.72
68.2708  -151.045  1013.18
39.5441  -183.926  973.917
36.9956  -189.699  985.931
53.2166  -150.408  965.112
33.5589  -162.823  967.508
52.9179  -189.825  1005.8
42.4285  -188.578  1000.62
58.326  -172.767  1017.92
54.8876  -155.412  1006.31
35.7268  -178.582  977.258
36.8915  -178.35  981.436
46.8878  -147.656  971.646
35.8321  -163.351  974.287
58.3914  -140.897  981.785
54.337  -149.395  995.429
44.9473  -149.719  978.983
32.9665  -187.557  989.323
45.3044  -182.487  1007.58
46.4624  -168.338  1009.71
48.5885  -146.925  984.242
