91.8532  -203.778  -301.963
103.154  -207.296  -290.022
82.0773  -209.412  -292.157
79.6833  -205.618  -299.705
90.8208  -195.522  -307.449
100.651  -197.43  -298.567
101.559  -203.211  -272.845
87.7706  -212.742  -282.137
68.5701  -198.548  -298.035
80.4225  -197.539  -306.553
104.36  -196.914  -291.29
77.9265  -206.721  -292.818
100.607  -185.95  -298.264
91.896  -191.508  -305.41
67.7315  -203.395  -284.575
85.0971  -192.294  -311.321
67.8772  -193.019  -303.033
88.3003  -176.258  -306.147
80.1892  -208.667  -285.678
70.6825  -202.897  -274.711
107.454  -181.157  -272.937
81.4556  -181.67  -310.566
56.692  -181.912  -296.755
103.585  -180.376  -293.389
81.9561  -167.545  -297.848
83.838  -207.562  -267.994
56.2265  -197.901  -264.342
99.6934  -200.569  -264.471
88.2813  -188.833  -249.5
65.4372  -193.858  -293.502
57.3126  -193.12  -276.022
97.3772  -161.519  -284.362
74.8408  -158.937  -292.146
80.1597  -197.543  -251.23
53.1214  -192.031  -254.687
105.205  -177.788  -267.462
81.446  -178.893  -241.081
52.2144  -184.804  -286.136
51.084  -188.557  -268.153
69.9723  -168.733  -299.096
50.0731  -172.847  -288.552
100.571  -165.718  -260.215
75.2815  -170.158  -231.511
51.7814  -177.135  -284.036
42.0948  -179.851  -259.463
61.3939  -160.477  -297.352
40.3327  -165.314  -285.257
88.1714  -152.284  -274.971
71.5517  -145.135  -285.405
71.1019  -193.541  -243.395
46.7739  -182.396  -251.382
53.8519  -147.595  -290.26
28.7793  -156.778  -287.933
86.1037  -146.582  -270.62
77.4983  -136.477  -257.312
62.8478  -185.431  -235.126
42.4071  -174.714  -247.042
89.4848  -150.984  -254.984
68.6266  -156.388  -225.695
39.8662  -173.422  -279.296
36.6913  -174.044  -253.112
62.0983  -135.054  -280.806
68.7719  -128.037  -253.36
59.1349  -169.867  -232.565
38.0804  -173.507  -242.116
82.11  -143.765  -249.124
70.0472  -135.214  -242.279
28.8403  -163.279  -266.612
32.2395  -168.606  -250.061
44.0706  -136.449  -286.162
23.7955  -151.218  -272.025
50.8001  -163.704  -227.992
35.8579  -173.129  -233.7
53.3157  -151.092  -227.879
55.0347  -139.644  -238.356
24.569  -160.35  -263.212
27.4802  -161.009  -255.151
38.4594  -133.861  -278.843
31.2686  -145.361  -266.569
52.8371  -128.537  -265.264
55.3212  -133.51  -248.577
42.4813  -133.861  -267.78
31.2047  -169.42  -240.774
42.8265  -162.706  -229.428
43.3845  -157.858  -228.732
50.2918  -131.881  -260.098
