92.2764  -204.937  -285.575
92.8533  -203.815  -275.763
83.8189  -207.739  -279.288
82.4241  -203.147  -289.321
92.1866  -197.275  -297.202
98.7787  -195.213  -283.547
94.441  -204.211  -267.599
83.3459  -207.706  -272.81
74.7266  -200.105  -289.136
78.0652  -195.305  -296.932
99.2838  -194.49  -273.762
78.4373  -204.333  -286.385
100.544  -186.266  -280.342
95.5411  -184.983  -292.367
64.6145  -203.734  -283.239
84.8964  -187.459  -295.289
68.0776  -186.083  -297.265
89.3994  -172.455  -291.223
75.9159  -208.337  -267.258
68.992  -205.024  -263.277
97.1237  -184.992  -264.767
78.6366  -177.873  -298.392
59.3373  -177.572  -300.414
96.7952  -175.461  -277.446
83.6958  -161.262  -289.331
77.4777  -205.138  -263.139
60.6561  -202.81  -265.965
89.9708  -198.948  -256.798
84.6804  -191.71  -249.945
63.8745  -193.555  -289.932
55.7757  -195.648  -279.862
92.8686  -164.513  -274.234
75.9687  -149.794  -285.501
70.7651  -202.397  -255.938
51.031  -195.46  -259.318
92.4921  -176.238  -258.751
77.4801  -183.239  -244.281
54.6234  -186.779  -288.99
47.037  -188.739  -277.431
71.2905  -166.176  -299.406
49.7726  -167.868  -298.214
87.9342  -165.229  -253.146
69.1958  -174.708  -238.663
45.8286  -179.769  -287.176
41.818  -181.712  -274.921
62.8508  -154.154  -296.708
40.9188  -160.088  -299.42
87.2843  -151.354  -269.715
68.5447  -139.177  -282.234
63.1805  -198.532  -247.518
45.7435  -186.823  -258.793
54.5447  -145.247  -294.538
33.9968  -153.094  -295.876
76.5864  -143.481  -265.936
69.3536  -136.612  -263.491
54.1517  -192.491  -241.993
44.2918  -179.914  -258.957
78.1645  -154.96  -247.614
60.4873  -167.761  -235.732
35.474  -174.25  -286.788
34.2583  -174.446  -271.327
60.207  -133.516  -279.886
58.5221  -133.495  -262.801
49.9497  -181.886  -245.987
37.7556  -177.305  -258.016
70.3406  -149.218  -246.591
59.2716  -143.433  -245.226
27.4589  -168.14  -283.377
30.5041  -175.873  -264.006
46.6538  -140.544  -289.591
29.1554  -149.716  -286.115
46.2015  -173.074  -251.965
31.8696  -175.249  -256.629
49.5117  -160.888  -240.009
44.6008  -142.981  -250.158
21.6867  -167.154  -274.981
26.9678  -160.707  -273.425
39.1614  -136.765  -284.941
29.5149  -149.288  -283.673
50.0398  -131.51  -275.19
52.8682  -134.16  -261.136
37.9907  -137.385  -281.973
22.0764  -170.716  -264.305
34.0468  -167.821  -245.946
40.3207  -157.116  -245.864
41.0623  -132.98  -270.795
