68.447  -193.367  -262.752
71.0668  -192.435  -253.564
57.7383  -202.296  -257.814
55.2688  -198.148  -264.743
63.199  -184.76  -263.999
65.4918  -185.31  -256.587
69.7363  -192.125  -243.019
62.582  -204.819  -248.704
44.8502  -192.695  -261.939
55.5848  -187.728  -265.716
67.0426  -184.175  -254.286
50.9903  -202.633  -259.621
64.8743  -177.322  -255.801
62.2404  -181.291  -260.078
43.2896  -198.502  -252.8
58.7671  -182.529  -263.732
44.8987  -185.649  -262.947
58.336  -170.539  -258.553
54.0697  -202.106  -252.788
43.5191  -203.114  -244.849
68.3036  -173.422  -242.402
55.9969  -174.819  -263.19
32.6345  -178.126  -264.058
64.787  -173.668  -253.214
53.2976  -161.195  -256.363
57.3324  -204.692  -237.156
33.2582  -203.719  -240.146
67.0263  -190.65  -237.091
58.7861  -184.874  -222.659
40.8451  -189.376  -258.253
30.4558  -194.154  -249.573
59.8773  -158.029  -247.362
48.3949  -151.286  -254.946
53.533  -197.789  -224.028
25.9662  -197.028  -230.687
67.4472  -169.472  -238.279
54.7255  -178.027  -211.817
27.8754  -183.352  -255.102
24.933  -191.055  -242.331
44.4005  -161.904  -263.977
23.4072  -171.169  -261.3
63.3833  -161.633  -233.807
48.6782  -171.481  -201.422
22.1021  -180.311  -256.03
17.0239  -182.459  -237.085
37.0252  -151.527  -266.747
13.261  -165.382  -261.563
53.9648  -149.6  -242.671
44.1047  -141.236  -251.029
43.8658  -201.306  -214.378
18.4751  -188.869  -229.654
27.8603  -142.161  -262.435
5.45633  -157.282  -260.797
51.2186  -145.813  -239.778
45.5452  -135.547  -231.112
35.847  -193.003  -209.111
14.9122  -181.864  -227.161
56.5501  -148.048  -227.758
39.4797  -158.232  -195.226
15.0323  -172.831  -252.297
11.6112  -178.315  -233.227
33.5791  -133.797  -249.735
36.7832  -130.186  -227.94
30.5386  -177.682  -209.394
10.884  -179.267  -225.176
50.9448  -139.945  -222.442
38.2894  -131.138  -215.419
3.22447  -169.275  -243.091
4.46932  -174.508  -230.006
17.4877  -136.54  -257.098
-0.339423  -156.202  -252.122
20.7284  -173.07  -205.774
9.67421  -180.029  -215.055
23.4516  -156.382  -207.456
24.8361  -141.292  -218.068
-0.72347  -167.273  -240.945
-0.439142  -158.648  -236.991
12.7341  -136.359  -251.671
0.320305  -157.866  -240.839
25.5836  -128.359  -240.103
22.7401  -137.85  -223.689
13.5556  -134.492  -247.504
-1.36509  -174.711  -223.001
12.0231  -164.109  -210.829
13.527  -158.259  -212.896
19.9155  -131.085  -237.406
