77.6654  -183.421  -131.86
78.4946  -182.363  -121.471
67.3649  -186.372  -124.909
65.9545  -183.274  -131.07
73.5638  -173.699  -133.387
79.4638  -176.003  -126.934
79.3959  -184.335  -109.751
69.4733  -187.951  -117.931
58.621  -177.392  -130.266
67.3657  -174.573  -133.186
81.4456  -176.173  -122.681
64.2903  -183.99  -125.257
78.2308  -167.52  -126.662
74.0397  -170.389  -131.953
55.78  -184.815  -122.064
69.9736  -170.642  -133.332
57.9132  -171.904  -136.204
69.635  -159.876  -130.991
65.0546  -186.302  -120.25
55.5868  -188.255  -114.781
84.2234  -166.012  -109.586
67.6498  -163.27  -132.739
48.2953  -162.728  -135.569
81.4875  -163.437  -124.875
65.0048  -150.895  -128.578
66.0644  -192.085  -107.07
44.5197  -182.007  -108.984
76.4099  -182.101  -104.729
69.1331  -176.905  -90.8831
54.9791  -174.539  -128.435
46.0601  -177.809  -117.742
76.0041  -147.952  -118.714
62.1249  -140.711  -127.492
61.583  -183.33  -95.5568
40.8968  -178.619  -101.797
82.1461  -162.448  -104.893
63.7045  -170.013  -83.4356
43.6102  -167.822  -126.628
39.9711  -175.666  -112.561
58.83  -149.777  -133.413
41.4807  -155.441  -131.8
80.5112  -153.321  -99.1082
57.048  -162.397  -79.8472
40.8734  -162.59  -126.86
32.3372  -169.199  -108.003
52.8016  -139.439  -135.309
32.9724  -149.2  -132.56
69.8113  -139.103  -114.383
57.3243  -132.902  -122.843
54.0537  -177.74  -94.2847
37.069  -170.122  -101.531
46.2237  -131.982  -129.833
28.3608  -141.336  -129.748
67.6338  -135.286  -110.863
61.8327  -125.141  -102.756
47.7054  -171.128  -90.0632
34.3789  -163.315  -98.7622
73.6755  -138.485  -95.7452
50.7134  -150.55  -79.6963
33.5866  -156.904  -124.121
28.7297  -163.713  -104.471
50.3296  -126.056  -121.052
52.896  -122.339  -101.477
43.9792  -161.298  -87.2981
29.6476  -162.953  -96.1915
65.7417  -131.786  -92.808
53.6573  -126.683  -91.6479
24.0815  -150.64  -116.143
25.6611  -158.983  -101.774
38.8023  -125.738  -126.505
25.2606  -139.404  -118.726
38.3951  -156.325  -85.0112
26.3889  -159.708  -93.7095
41.8436  -147.781  -83.9122
44.7389  -131.174  -90.573
23.4169  -147.677  -112.978
23.779  -142.26  -109.695
35.685  -126.383  -120.68
28.7853  -132.123  -114.405
42.6095  -120.703  -112.59
45.2957  -123.96  -95.9916
33.8884  -126.453  -111.375
21.5487  -159.134  -97.0954
32.5823  -153.411  -85.3931
35.2385  -146.374  -85.4115
38.405  -124.618  -111.348
