72.6139  -191.394  -264.329
74.3153  -193.829  -250.375
64.5595  -197.83  -255.642
61.2399  -189.771  -267.187
68.0702  -180.211  -269.264
75.0083  -182.412  -259.879
73.7397  -193.645  -239.913
66.1401  -198.011  -242.279
53.7242  -183.641  -265.467
57.584  -177.892  -269.909
79.4739  -185.194  -247.676
55.4001  -192.191  -258.033
77.9367  -175.561  -256.287
70.1059  -172.702  -264.203
45.2796  -186.88  -249.513
62.855  -172.581  -267.383
49.0511  -167.149  -264.603
66.4438  -158.789  -261.907
60.0139  -197.655  -247.132
52.5233  -194.638  -235.379
83.6663  -177.599  -233.191
55.8287  -162.255  -263.916
40.1001  -157.361  -261.931
79.549  -164.401  -249.658
61.3993  -147.454  -255.561
60.1346  -196.045  -226.725
44.2743  -189.395  -225.532
70.8331  -189.654  -224.608
67.4758  -185.123  -211.214
42.5369  -177.028  -261.019
36.5836  -179.869  -241.568
81.0394  -150.019  -242.234
57.3517  -132.641  -251.683
54.3928  -189.507  -216.608
38.078  -181.349  -216.237
83.4436  -168.548  -220.194
61.3401  -176.803  -199.842
33.8878  -169.133  -254.855
27.7755  -173.197  -233.535
50.0047  -150.93  -259.289
31.4373  -147.678  -255.495
79.881  -157.855  -208.308
53.2733  -168.394  -189.941
25.6799  -160.352  -247.304
21.4909  -166.392  -226.434
42.4103  -138.492  -254.941
21.9262  -138.851  -251.905
76.6371  -136.545  -231.916
51.5115  -118.78  -243.034
47.7695  -182.798  -205.421
29.7767  -176.88  -208.259
34.416  -127.992  -249.391
13.449  -131.618  -247.243
69.9033  -125.535  -221.023
61.1328  -116.925  -211.237
41.5829  -176.663  -195.718
26.048  -170.392  -203.338
71.8454  -145.742  -197.469
46.9614  -161.805  -181.239
18.3297  -151.814  -240.407
15.2504  -161.826  -219.999
43.2123  -111.824  -235.332
46.9531  -111.346  -204.08
36.0072  -167.578  -194.46
21.7525  -165.245  -197.845
65.6631  -135.813  -189.103
51.4175  -126.054  -179.059
10.6682  -147.153  -233.664
8.66726  -157.692  -212.623
26.9823  -120.56  -243.385
7.05288  -127.091  -236.479
29.4084  -163.357  -190.951
16.7498  -160.387  -192.722
35.8062  -152.048  -180.993
28.9076  -128.191  -179.602
7.82537  -144.395  -227.097
5.72836  -141.066  -214.13
19.8947  -116.101  -235.054
11.3006  -126.83  -221.354
33.0813  -106.973  -222.716
30.7976  -114.883  -204.522
15.2375  -117.98  -221.345
7.93995  -154.623  -206.765
20.6759  -156.575  -185.033
20.7106  -143.64  -182.742
22.7806  -117.793  -213.799
