62.747  -210.798  -258.563
65.5598  -208.574  -246.162
54.7777  -210.82  -247.719
50.4346  -207.224  -257.96
58.82  -200.404  -265.544
67.5717  -199.325  -255.819
64.9765  -204.235  -240.495
57.1425  -206.382  -240.926
42.7603  -202.046  -255.849
45.7163  -198.097  -263.272
69.4387  -199.032  -245.282
45.3586  -207.054  -249.55
69.7616  -192.19  -252.794
63.8525  -190.241  -261.096
36.6644  -199.007  -242.488
54.5773  -191.239  -265.569
36.581  -186.79  -259.013
60.6509  -175.856  -258.522
50.7346  -210.158  -241.954
44.4265  -205.234  -231.647
71.1522  -188.628  -235.981
47.9662  -178.386  -265.167
29.4084  -175.876  -254.253
71.2819  -179.888  -248.736
57.2729  -163.272  -253.909
54.1672  -204.647  -228.046
35.7349  -201.336  -221.992
64.8102  -197.152  -229.305
62.0584  -189.912  -219.251
34.7359  -193.389  -250.44
28.1508  -192.117  -235.208
69.9703  -167.247  -243.136
53.3138  -149.748  -249.045
48.9912  -198.481  -218.626
29.2726  -192.702  -213.829
72.1777  -178.185  -227.152
58.458  -180.29  -208.792
27.4154  -184.92  -243.781
19.5222  -184.542  -228.065
42.1824  -165.985  -260.746
20.3088  -165.432  -250.484
69.8229  -166.945  -218.997
54.4229  -171.238  -197.462
18.8358  -175.597  -237.943
14.4904  -175.552  -222.437
35.6143  -152.829  -256.363
11.6901  -155.022  -247.65
66.0666  -154.539  -236.303
46.3489  -138.904  -241.103
44.1212  -191.744  -206.557
23.1234  -185.017  -207.244
28.8528  -140.92  -250.826
1.09067  -145.179  -246.181
59.3959  -143.508  -228.333
53.4413  -134.963  -222.248
38.8019  -183.471  -197.608
20.3961  -176.898  -203.828
64.6087  -155.478  -210.076
50.2334  -163.682  -188.311
11.7138  -165.167  -231.95
8.21466  -170.179  -216.482
40.1916  -130.258  -235.114
45.4265  -126.951  -216.162
33.6004  -175.983  -193.774
15.8601  -171.015  -199.143
57.0988  -147.234  -204.779
50.8083  -136.808  -196.223
3.73674  -159.349  -227.089
2.89552  -164.887  -210.311
20.6416  -129.472  -247.13
1.7779  -141.043  -232.406
28.0806  -167.232  -192.994
12.4914  -167.107  -197.243
38.6317  -153.787  -181.955
36.3905  -132.205  -196.503
-0.183473  -155.063  -221.092
2.4184  -151.566  -212.37
14.2699  -125.173  -234.812
3.48873  -142.492  -226.595
32.5473  -122.634  -227.57
30.6013  -127.384  -207.963
17.1692  -126.272  -227.328
1.90223  -163.217  -203.118
19.3395  -159.477  -187.615
25.2573  -147.756  -189.197
24.5367  -124.985  -219.42
