77.4985  -229.28  -257.488
80.2641  -231.229  -249.744
69.4047  -233.304  -250.511
67.9109  -230.17  -260.152
74.9751  -221.076  -261.487
80.8647  -219.675  -256.904
79.8779  -229.549  -242.273
70.0865  -235.888  -241.816
59.377  -226.421  -258.743
65.5006  -220.467  -263.148
84.1934  -220.7  -249.655
60.6192  -231.467  -252.698
80.9726  -213.822  -254.474
76.9514  -213.281  -258.872
49.9782  -226.129  -247.54
72.7967  -214.355  -262.729
55.6633  -212.84  -265.024
73.0659  -201.611  -257.799
62.9803  -235.153  -245.425
55.1688  -229.197  -237.982
84.9321  -211.297  -242.09
66.8376  -204.136  -265.137
47.9928  -207.496  -268.003
79.2864  -203.714  -251.693
70.6551  -190.461  -257.597
62.1504  -233.648  -231.761
46.8476  -223.542  -232.191
78.8022  -227.2  -229.72
74.6946  -217.697  -220.476
48.4587  -220.76  -256.248
39.2292  -221.91  -243.686
77.1838  -193.097  -249.637
64.3462  -180.287  -253.874
55.1419  -228.991  -222.626
37.1228  -219.604  -225.893
81.7534  -201.576  -235.851
68.6283  -207.607  -212.348
38.8036  -215.864  -254.936
31.0718  -213.948  -239.369
60.6077  -193.188  -265.011
35.1847  -195.085  -270.742
79.3553  -189.893  -229.568
60.0686  -196.985  -206.748
28.6396  -207.652  -252.226
23.8379  -207.618  -235.054
53.7591  -181.65  -263.822
21.928  -181.014  -268.598
74.5112  -180.934  -246.541
59.4424  -168.165  -252.872
48.4052  -219.208  -215.922
31.8141  -211.305  -222.329
45.8819  -171.223  -261.669
15.6013  -171.261  -260.809
65.6432  -172.477  -241.603
61.6062  -162.851  -238.194
41.4388  -210.851  -211.018
26.3122  -206.775  -219.601
72.4159  -177.629  -222.675
52.6038  -187.752  -200.987
19.7993  -200.253  -247.396
19.3243  -201.566  -231.78
51.6069  -162  -248.374
52.3103  -156.502  -233.259
35.8325  -203.958  -210.147
21.7142  -201.955  -217.418
64.638  -168.661  -219.137
52.291  -160.116  -213.864
11.7505  -191.271  -246.779
14.364  -195.57  -227.506
37.5228  -163.676  -259.163
17.9556  -168.614  -249.803
29.5652  -194.665  -210.423
16.7983  -196.429  -214.945
38.8679  -179.662  -202.761
36.6024  -166.184  -217.74
7.70334  -186.448  -238.073
9.22016  -186.132  -229.15
27.4964  -155.911  -251.808
15.4106  -177.279  -241.517
43.4428  -154.564  -244.094
36.0668  -158.501  -227.975
27.6355  -160.344  -242.104
12.0264  -193.688  -221.874
24.4945  -192.047  -210.342
30.9195  -173.172  -211.331
33.1169  -158.69  -236.528
