87.9218  -211.081  -278.321
88.2313  -210.29  -267.257
79.2027  -214.831  -271.423
77.2738  -210.495  -280.934
85.4797  -202.614  -286.471
94.0854  -200.797  -277.178
86.9491  -207.707  -259.929
78.8529  -212.252  -263.163
68.6098  -208.867  -283.068
73.5872  -202.467  -287.271
94.1886  -200.009  -265.496
71.4183  -211.029  -274.779
95.7117  -191.499  -274.722
89.5437  -191.148  -284.447
60.5649  -208.146  -272.257
80.8038  -194.506  -288.896
62.6563  -193.772  -289.058
83.7002  -177.187  -283.964
74.8659  -213.689  -266.618
66.1166  -210.811  -260.892
91.9254  -188.816  -256.695
73.1671  -183.293  -290.236
53.5156  -184.189  -290.326
93.2794  -178.918  -271.233
77.7005  -165.052  -281.794
72.1151  -209.687  -253.79
56.546  -207.652  -255.234
82.7302  -201.195  -250.093
78.4165  -194.17  -241.51
57.9922  -202.516  -281.831
50.0135  -203.175  -269.427
88.4621  -166.228  -267.118
70.0924  -152.919  -278.584
65.5051  -205.502  -246.024
48.3501  -200.223  -250.77
87.3451  -178.167  -249.873
71.0832  -184.652  -235.409
47.8237  -196.145  -280.844
40.699  -196.15  -266.107
65.605  -172.082  -289.262
44.0912  -174.851  -289.253
82.0319  -166.856  -243.972
62.2483  -175.932  -230.206
37.3614  -188.854  -279.177
33.1789  -189.599  -263.076
56.7232  -160.422  -287.5
34.0582  -165.86  -291.294
81.533  -153.355  -262.914
61.5407  -142.156  -275.009
57.6624  -197.712  -239.538
40.6671  -193.834  -247.345
48.1665  -149.477  -287.244
26.855  -159.189  -285.947
72.458  -142.994  -257.928
63.3912  -136.412  -255.264
50.4925  -190.544  -235.098
34.5687  -189.319  -244.808
72.8784  -156.635  -238.738
54.4106  -169.051  -225.962
29.1786  -180.564  -276.142
26.8597  -184.141  -260.063
53.595  -134.605  -272.432
52.3764  -131.345  -252.827
44.3482  -182.867  -236.096
28.4575  -185.445  -242.254
64.3691  -149.464  -236.512
52.4232  -144.57  -235.7
20.4445  -176.431  -274.237
18.6873  -180.747  -256.642
39.6941  -142.906  -283.803
18.5422  -153.759  -280.19
36.3708  -179.645  -231.065
24.2544  -182.361  -241.34
43.0766  -162.395  -229.12
40.6423  -144.712  -237.301
16.8804  -170.53  -269.207
15.5955  -165.54  -262.71
30.3476  -137.236  -278.808
18.8138  -152.852  -273.696
43.2835  -131.613  -266.984
41.8334  -135.239  -250.368
26.7852  -137.949  -269.462
15.0201  -176.707  -252.012
32.5089  -171.33  -234.318
30.4505  -158.33  -235.305
36.1299  -132.082  -262.986
