89.1999  -187.888  -231.693
90.7384  -193.077  -219.159
81.1267  -196.632  -221.992
80.8911  -192.592  -233.224
87.3501  -182.394  -232.439
92.0488  -181.746  -223.764
88.2892  -192.317  -212.958
80.8015  -197.186  -216.024
71.0311  -190.931  -232.674
77.4242  -184.743  -239.051
91.2924  -184.17  -216.48
73.1035  -196.717  -227.583
92.499  -176.746  -220.765
89.5964  -174.55  -227.823
61.5663  -195.425  -223.74
84.5368  -175.59  -236.562
65.1736  -179.284  -240.191
85.3026  -164.014  -225.856
75.9871  -200.069  -219.914
66.1841  -202.851  -214.595
89.4101  -178.131  -208.536
77.6164  -166.126  -239.027
54.9689  -172.48  -242.147
89.4875  -168.718  -216.468
81.2763  -154.447  -223.03
73.7999  -201.127  -207.232
58.345  -196.671  -209.388
84.2128  -190.953  -203.669
80.6683  -189.42  -193.985
59.6999  -188.597  -230.355
51.8576  -192.486  -220.12
84.815  -161.712  -211.944
75.8341  -143.288  -220.467
66.4314  -201.886  -200.698
48.983  -195.302  -204.797
85.1909  -172.476  -202.169
72.4577  -184.292  -188.601
48.8533  -186.246  -230.937
41.9877  -190.298  -217.007
69.1451  -158.028  -237.045
45.1016  -166.01  -241.601
81.426  -166.801  -195.857
64.1649  -180.974  -180.625
38.0796  -182.912  -228.87
33.9184  -187.705  -213.725
59.8496  -149.127  -235.393
34.9204  -160.813  -242.074
80.6907  -154.093  -207.526
64.896  -138.116  -215.177
58.1961  -196.127  -194.735
41.1654  -192.979  -201.3
50.1936  -141.567  -231.777
23.9895  -152.981  -239.015
74.171  -144.45  -200.252
63.9537  -141.812  -197.285
50.6586  -193.856  -189.396
35.0483  -190.671  -198.669
72.2654  -161.495  -189.256
54.8717  -177.532  -175.335
27.7659  -179.906  -227.87
27.308  -185.729  -210.488
55.5675  -133.41  -211.616
52.9564  -139.053  -194.21
43.6786  -189.848  -188.003
29.2852  -188.544  -196.198
63.9768  -156.813  -184.229
52.1085  -153.864  -181.329
17.1505  -179.157  -228.145
19.0946  -184.874  -207.605
40.1517  -137.842  -226.973
14.2844  -153.325  -231.831
36.3734  -186.465  -186.898
22.4213  -185.941  -193.819
40.9766  -172.385  -174.423
37.702  -156.658  -185.922
16.786  -174.118  -221.693
17.0569  -173.276  -212.703
29.2897  -137.96  -218.196
17.8076  -158.706  -223.409
43.5054  -133.793  -206.022
38.7018  -146.783  -193.411
29.411  -144.581  -213.578
16.004  -183.298  -202.37
29.0964  -181.437  -185.86
30.1857  -169.396  -184.516
34.2804  -145.91  -202.976
