68.9897  -202.913  -53.9817
71.8093  -202.823  -43.5745
64.1281  -211.011  -48.3483
60.3569  -205.709  -59.9867
66.9297  -195.718  -61.6312
71.7179  -194.079  -51.6493
72.0994  -200.703  -35.2693
64.6257  -207.39  -37.2475
51.4314  -201.408  -57.8145
55.262  -196.427  -64.4053
73.5998  -193.431  -41.8351
53.8214  -207.137  -51.3351
71.9638  -187.846  -48.2912
67.009  -187.507  -54.9816
43.3627  -202.029  -46.0865
61.9511  -189.251  -62.0338
45.042  -188.148  -62.1815
63.7947  -174.788  -55.1415
57.4876  -211.645  -42.0882
49.109  -208.798  -33.3305
73.9057  -183.658  -32.2498
54.5955  -179.617  -60.853
36.8349  -179.377  -59.8548
69.7201  -177.295  -44.0143
58.3883  -164.503  -51.4696
58.6124  -205.06  -25.2571
39.8581  -202.743  -26.1826
68.1961  -194.071  -24.3411
63.8794  -187.101  -15.7791
42.389  -195.058  -54.7166
35.036  -195.351  -41.0921
64.6018  -167.378  -38.9623
52.6174  -153.345  -47.8946
52.8386  -202.616  -14.6161
33.3243  -194.869  -19.2449
70.489  -174.206  -24.5071
57.9246  -178.465  -7.8231
32.3671  -189.404  -52.0001
25.8843  -189.391  -36.2912
47.7976  -169.569  -58.4995
28.2281  -170.876  -56.61
64.6212  -164.839  -18.1074
51.0868  -170.707  0.516264
23.9748  -181.184  -47.3933
20.1661  -182.264  -31.8033
39.9221  -159.051  -55.8035
19.8817  -163.144  -53.4046
62.872  -154.454  -34.4434
44.7797  -143.909  -42.8743
45.5052  -193.798  -5.91745
27.0205  -188.647  -15.6112
31.8798  -150.62  -51.2481
11.4021  -157.176  -53.5882
55.147  -145.178  -28.3984
47.6075  -139.151  -24.1357
38.4528  -184.858  -2.15253
22.9962  -181.604  -13.4111
57.0721  -155.916  -11.6542
43.3332  -164.318  4.07964
15.6137  -174.468  -43.6083
18.2801  -182.59  -31.9713
39.1095  -134.797  -40.2324
38.7045  -134.396  -20.3886
32.6321  -178.25  -0.933995
16.9285  -178.724  -9.42449
49.6353  -149.749  -8.06234
40.3086  -144.41  -4.65192
8.3998  -170.169  -39.8285
8.55598  -172.904  -22.9603
24.425  -142.65  -50.6155
2.99527  -151.449  -46.2562
26.1276  -172.572  0.226092
11.5972  -174.133  -6.41684
32.5794  -158.024  4.43159
26.8722  -143.193  -5.24644
3.30951  -165.873  -35.0629
3.97806  -162.597  -29.2063
15.3055  -136.654  -44.4292
5.32976  -151.553  -38.4577
29.3221  -129.697  -33.7568
25.6781  -137.533  -16.0491
16.7084  -136.911  -35.8224
9.60714  -172.585  -17.4608
17.9359  -165.434  0.900312
17.5671  -154.398  -3.59058
20.8243  -137.861  -26.5205
