99.7839  -174.678  -239.862
103.105  -173.102  -228.68
91.0516  -182.908  -232.703
88.2499  -180.499  -242.033
93.5484  -166.742  -243.7
102.991  -167.16  -235.017
99.9392  -173.179  -215.687
93.0635  -180.899  -224.339
78.722  -172.692  -237.11
85.2666  -169.872  -243.42
106.103  -166.035  -229.398
86.5782  -178.819  -232.959
105.698  -154.241  -236.334
96.296  -160.661  -245.059
78.9064  -178.567  -226.856
88.4975  -163.559  -245.658
74.1742  -168.335  -244.177
87.9047  -147.607  -244.87
88.1508  -181.346  -227.055
80.7216  -178.755  -219.464
109.81  -154.018  -210.395
84.6065  -153.358  -249.374
60.5916  -162.112  -241.916
112.584  -146.91  -231.601
80.6904  -137.451  -242.676
88.6246  -179.012  -214.295
67.3418  -178.441  -212.082
98.1679  -172.181  -209.657
89.5539  -168.002  -194.796
72.9759  -171.642  -236.359
64.6925  -179.3  -223.151
102.257  -125.764  -223.319
72.7638  -125.681  -240.777
83.94  -174.47  -200.558
62.6133  -177.095  -203.649
107.757  -149.701  -203.835
81.0406  -161.202  -187.998
57.7655  -168.721  -232.823
58.861  -175.7  -214.936
68.2358  -142.978  -246.59
50.359  -156.116  -239.746
103.25  -139.386  -195.805
72.681  -155.736  -181.734
52.8747  -162.903  -232.678
48.4475  -170.675  -208.829
58.5277  -133.377  -244.288
39.4347  -150.542  -237.368
91.5654  -114.918  -214.995
66.4061  -111.772  -233.583
75.6419  -172.328  -195.934
54.377  -170.259  -201.02
47.4089  -123.479  -241.71
28.2378  -143.416  -238.351
85.6701  -112.05  -208.946
71.8715  -107.032  -195.699
67.6117  -166.924  -189.287
49.1196  -165.356  -196.634
88.8264  -124.195  -190.711
62.673  -146.241  -179.41
41.1777  -159.319  -231.293
41.6869  -168.387  -204.205
53.1404  -105.325  -229.25
58.0306  -109.644  -195.183
60.9228  -156.453  -186.497
43.7012  -164.879  -194.116
76.9017  -119.623  -184.926
60.2288  -119.545  -187.587
28.5352  -157.173  -219.504
33.7781  -163.794  -200.448
37.4776  -117.993  -234.417
18.068  -141.428  -226.237
53.4763  -153.682  -183.617
39.6288  -162.822  -188.18
51.3415  -144.286  -183.601
51.6849  -130.868  -186.722
27.8206  -152.387  -215.109
28.5093  -158.731  -200.075
33.7962  -119.899  -226.632
24.4291  -142.437  -216.386
39.3558  -106.839  -209.228
46.6278  -119.239  -193.812
32.3907  -123.064  -213.4
33.2958  -163.943  -195.096
43.1891  -149.789  -183.299
44.0349  -145.658  -185.683
38.3947  -120.173  -207.938
