84.1491  -225.45  -275.322
87.9473  -225.761  -260.335
74.1416  -230.073  -265.942
72.0306  -221.243  -275.225
79.7146  -213.646  -279.202
87.6431  -212.958  -271.39
89.3678  -224.71  -247.847
74.309  -228.079  -254.401
64.9828  -216.987  -274.279
69.6062  -212.779  -279.883
89.5629  -212.812  -260.184
65.6027  -223.566  -268.66
89.8027  -205.753  -268.28
83.4519  -204.973  -275.396
56.0328  -218.392  -262.982
76.8098  -206.605  -279.218
61.0589  -204.071  -280.032
79.1197  -193.061  -272.002
68.9991  -225.669  -259.506
60.7239  -222.671  -250.782
90.5346  -203.001  -249.843
71.3356  -196.552  -278.382
54.7421  -194.82  -277.209
90.2802  -194.339  -264.096
76.7451  -181.593  -269.431
67.9292  -226.511  -241.128
53.1177  -218.265  -243.103
84.7066  -217.582  -234.393
82.9486  -209.324  -222.816
55.8809  -210.278  -271.544
49.6048  -211.266  -257.004
88.5696  -182.695  -259.122
72.6466  -170.309  -265.343
62.1553  -222.983  -231.303
46.5059  -211.268  -236.463
89.1303  -193.766  -241.553
76.2931  -197.391  -214.549
48.6063  -202.623  -267.576
40.9864  -204.64  -252.386
66.5593  -185.629  -276.208
47.8508  -185.173  -272.961
92.1141  -180.586  -231.376
68.3552  -187.834  -207.052
40.4575  -194.765  -263.319
34.7125  -198.078  -247.801
60.5065  -175.023  -271.071
38.4385  -177  -273.79
86.2976  -169.741  -253.25
67.6354  -158.885  -261.748
55.0355  -216.203  -219.563
41.298  -204.491  -231.798
53.983  -164.392  -270.452
31.1289  -169.487  -271.133
79.8368  -159.156  -245.896
73.4072  -152.141  -241.251
49.0626  -205.434  -214.25
38.4345  -197.455  -229.068
79.918  -170.028  -225.03
60.8174  -181.019  -204.557
32.4736  -189.511  -260.537
28.9371  -193.309  -243.39
62.5592  -150.595  -257.775
63.8209  -145.579  -236.318
45.6147  -197.51  -214.587
32.6576  -193.938  -225.323
74.7079  -163.412  -220.647
62.7482  -157.25  -217.291
26.9043  -184.096  -255.607
22.2459  -189.421  -238.498
47.159  -156.706  -267.474
25.8857  -164.552  -262.181
39.9847  -190.878  -212.954
27.577  -188.658  -222.733
48.992  -173.737  -205.193
48.332  -158.791  -219.882
19.9243  -179.779  -251.284
21.0269  -173.673  -239.026
40.243  -151.325  -261.165
28.9204  -164.485  -250.449
54.0067  -142.574  -251.888
52.092  -148.62  -231.903
38.3964  -152.616  -253.162
19.914  -185.757  -232.076
35.7953  -183.212  -214.648
39.0385  -171.832  -214.814
46.2728  -147.304  -245.181
