58.0896  -224.203  1005.87
60.5668  -221.075  1016.88
47.7582  -222.041  1015.15
45.8827  -223.947  1004.52
54.3605  -216.449  997.82
61.5744  -212.219  1005.82
60.2281  -216.687  1024.03
49.6466  -220.789  1022.79
37.986  -220.682  1004.41
43.0435  -215.411  999.75
62.9805  -210.157  1015.23
40.0885  -220.989  1012.54
61.7665  -204.991  1007.08
57.2189  -206.201  999.973
32.5497  -216.601  1015.24
50.3924  -209.439  996.142
34.4708  -209.122  997.899
54.757  -195.108  997.158
44.1696  -222.255  1020
36.8434  -220.568  1026.31
66.1249  -199.683  1021.05
44.6999  -200.979  994.585
27.4484  -202.42  995.554
62.3656  -194.686  1007.05
50.7657  -185.349  998.106
46.294  -221.898  1036.44
29.9782  -216.348  1030.5
59.2511  -209.899  1034.48
58.9445  -202.665  1042.87
30.5124  -214.114  1006.65
22.5832  -214.991  1017.99
59.0508  -184.654  1008.27
47.4631  -174.853  996.75
40.8775  -216.743  1045.08
24.2388  -209.576  1034.25
63.4301  -189.926  1025.05
55.121  -193.474  1048.88
21.1362  -210.641  1006.18
18.0597  -206.555  1019.6
39.7483  -191.896  993.62
20.348  -193.85  995.828
61.7955  -179.582  1028.72
48.4594  -183.95  1054.71
14.3784  -203.359  1008.74
11.3156  -202  1021.87
33.9771  -182.679  992.851
12.1479  -187.964  993.734
56.6652  -174.207  1009.31
41.4044  -166.182  998.314
35.1814  -208.824  1049.84
18.7771  -203.496  1036
27.3041  -174.914  993.811
7.35442  -182.23  996.9
50.2342  -166.411  1011.64
47.3108  -156.315  1013.59
30.5284  -201.831  1052.47
13.4811  -200.42  1039.29
57.1242  -169.254  1033
38.7168  -177.716  1052.37
7.71898  -197.059  1009.76
7.23427  -196.494  1024.09
35.2046  -160.454  1000.63
37.8364  -151.177  1016.16
24.6568  -194.279  1049.16
8.36795  -197.916  1041.82
51.2419  -161.067  1036.26
38.7734  -157.995  1036.39
2.60101  -192.672  1012.78
0.823129  -194.879  1026.93
20.8312  -168.671  993.837
2.54439  -177.433  1003.65
19.6392  -189.671  1045.8
5.77557  -195.047  1041.42
27.2838  -172.956  1048.87
27.9352  -162.649  1034.72
1.14835  -189.584  1015.66
-0.912962  -183.389  1022.12
15.4364  -165.226  999.48
5.11832  -176.498  1009.71
27.5518  -155.363  1004.14
24.1723  -157.133  1020.98
13.1492  -164.646  1004.88
-1.30034  -194.015  1029.68
15.7453  -184.545  1045.1
14.3325  -174.035  1038.85
21.1575  -157.995  1007.56
