66.0665  -195.28  -399.323
68.7932  -195.27  -388.039
58.455  -199.167  -393.122
55.9621  -190.716  -399.02
60.386  -186.007  -401.709
69.0994  -185.882  -395.847
68.3993  -193.113  -380.178
60.407  -200.483  -383.026
47.3991  -188.072  -400.771
52.0347  -182.596  -402.378
70.5336  -186.202  -386.265
49.7737  -195.222  -395.601
70.2636  -180.175  -392.934
64.4819  -179.438  -400.99
40.7452  -191.456  -393.384
56.4611  -181.421  -402.723
42.0465  -178.613  -406.311
58.2358  -170.83  -398.26
54.1529  -197.151  -388.227
45.6329  -195.733  -381.697
68.364  -178.635  -378.483
50.0776  -173.922  -405.121
33.7659  -173.407  -407.032
67.4772  -171.748  -388.951
54.0718  -162.542  -397.048
54.4962  -197.885  -373.149
37.9575  -193.406  -377.558
66.2682  -188.553  -369.372
61.5769  -183.068  -363.506
35.8446  -183.097  -400.113
33.2601  -185.808  -389.762
63.1263  -163.648  -385.485
48.5564  -153.25  -394.674
48.7138  -195.014  -365.928
31.8305  -186.998  -373.316
65.9986  -171.141  -372.291
56.8958  -177.181  -355.679
28.652  -180.114  -399.992
25.1053  -180.473  -387.813
44.2643  -165.161  -405.715
25.5498  -165.937  -404.902
62.7602  -163.577  -366.72
49.2376  -170.695  -350.301
17.8182  -174.783  -399.402
16.6414  -178.172  -385.224
36.2996  -157.042  -402.878
16.9612  -160.091  -404.834
59.2062  -154.699  -382.074
41.5298  -145.504  -391.985
41.9153  -188.77  -360.19
25.3894  -181.375  -370.31
28.855  -150.241  -401.177
11.9339  -156.338  -399.39
49.9073  -149.341  -378.661
46.2637  -140.645  -375.808
35.5342  -183.234  -355.73
20.8545  -176.187  -368.391
55.3763  -156.525  -362.319
41.706  -165.518  -346.531
13.0945  -168.975  -395.599
11.0707  -174.289  -382.468
35.4434  -139.816  -389.937
37.6661  -135.998  -373.506
30.8963  -175.648  -357.503
14.3299  -177.234  -365.327
48.2247  -151.61  -360.154
39.5172  -144.781  -355.575
8.76356  -165.352  -391.796
8.22201  -175.7  -380.95
22.1138  -145.214  -399.526
8.12019  -153.114  -395.626
25.8589  -170.769  -359.647
11.2641  -177.474  -364.902
30.8189  -161.129  -351.144
29.4986  -147.388  -358.816
7.11277  -161.667  -387.51
6.53964  -161.879  -384.493
15.7275  -142.048  -396.119
7.88505  -152.589  -391.251
27.6699  -133.784  -387.23
26.5331  -138.15  -370.022
13.5781  -141.8  -391.653
4.06744  -174.194  -375.466
17.4197  -167.612  -356.265
21.4295  -158.287  -356.304
18.4147  -136.625  -381.609
