48.5988  -208.256  -42.1985
57.9595  -214.042  -32.0591
42.7185  -211.065  -34.3674
40.8679  -204.607  -40.5866
47.1787  -199.494  -46.5187
56.3993  -197.92  -40.3129
55.2338  -208.019  -19.8488
43.7272  -211.751  -26.9929
35.8565  -202.319  -41.5885
39.1297  -196.511  -44.9474
62.6062  -197.85  -31.4162
36.5359  -206.826  -35.902
61.255  -191.247  -37.4025
52.3995  -190.639  -45.4682
29.9545  -203.909  -35.5261
44.549  -191.087  -46.1775
33.4517  -188.071  -47.0665
51.5135  -176.413  -45.1974
39.8021  -211.089  -31.3306
33.9892  -208.831  -25.7705
63.7417  -189.279  -20.5276
40.8106  -180.697  -48.2224
26.9864  -179.688  -48.2945
59.5448  -180.333  -34.6088
49.5928  -164.683  -43.3944
39.4176  -212.049  -17.6458
28.2872  -204.966  -21.3205
51.4524  -203.034  -11.9211
52.1018  -197.632  -3.00683
25.2242  -192.525  -38.2628
24.5966  -198.142  -32.243
61.8175  -167.64  -31.0559
47.154  -151.979  -41.141
35.1035  -208.734  -9.00059
23.5909  -198.756  -16.6813
57.5519  -180.218  -15.2205
48.1377  -187.853  4.00561
21.8735  -187.656  -41.02
18.5218  -191.706  -29.7278
37.2663  -168.862  -51.9887
19.2868  -171.219  -51.5612
61.4921  -168.349  -8.08948
42.4608  -179.291  9.66883
17.5983  -179.673  -36.1274
14.2248  -185.545  -26.7004
33.3367  -157.954  -47.8916
12.8478  -162.509  -51.2976
57.2442  -153.687  -25.3657
41.8705  -143.242  -36.1101
30.0233  -202.218  -1.98892
19.6396  -192.5  -13.7378
28.4503  -147.991  -47.8412
9.6296  -155.987  -46.7772
52.225  -145.373  -20.8506
44.0848  -140.952  -18.3291
25.5787  -194.985  2.71803
17.8766  -186.847  -12.0521
52.4861  -158.167  -4.02555
36.5825  -171.052  10.6307
10.7602  -175.52  -37.0744
9.86718  -180.825  -24.331
38.3157  -135.272  -34.498
37.2957  -135.711  -16.5355
24.4531  -185.983  -0.105604
15.7891  -184.197  -11.1471
47.7901  -151.626  -1.57653
37.4895  -147.257  -1.62847
7.73866  -171.059  -33.9412
6.36202  -176.785  -21.4167
23.1251  -142.041  -42.6603
4.84953  -150.861  -40.5307
19.8097  -180.512  0.891259
11.979  -179.359  -7.64663
27.9216  -164.105  5.98954
31.6687  -149.916  -3.15441
4.70974  -167.182  -31.3765
4.73811  -163.135  -25.9345
17.348  -135.687  -39.0435
8.25155  -149.655  -34.0237
31.7235  -132.856  -30.6268
31.4738  -136.543  -19.3145
21.1689  -135.763  -32.7277
2.46178  -172.444  -18.0335
14.9992  -171.686  0.108212
21.4129  -160.043  -1.0018
25.9465  -134.345  -26.6784
