57.0323  -184.189  -230.498
59.9301  -184.518  -219.252
50.2953  -188.017  -220.886
46.4891  -180.862  -229.074
51.5089  -173.728  -231.875
58.5164  -174.72  -227.171
60.2403  -183.438  -210.623
52.7178  -189.055  -210.386
38.7336  -178.037  -226.89
42.5254  -173.395  -231.702
63.8882  -176.827  -218.009
41.5114  -184.027  -220.872
60.0973  -170.582  -224.684
53.5785  -169.356  -228.999
32.1722  -181.806  -212.067
48.5262  -168.784  -233.114
32.2406  -166.997  -229.932
50.5182  -160.095  -227.088
47.4764  -184.082  -212.643
40.7953  -184.137  -201.788
64.5602  -170.81  -207.704
42.0805  -160.42  -232.098
23.5197  -160.447  -226.305
60.3746  -162.314  -220.156
47.1301  -151.569  -222.718
48.3483  -186.706  -196.295
34.0703  -181.858  -192.076
58.3574  -180.299  -197.806
55.2721  -176.397  -187.579
27.5159  -175.508  -221.984
26.0122  -175.327  -203.789
59.0928  -153.859  -214.1
42.3464  -143.283  -216.557
43.7551  -182.743  -186.284
28.949  -175.962  -183.744
62.408  -164.675  -198.11
49.8603  -170.625  -177.879
20.3555  -169.852  -214.997
20.0935  -169.807  -195.704
36.1956  -152.683  -227.428
14.8654  -154.683  -221.191
57.1641  -158.563  -189.831
43.707  -165.518  -168.306
17.9444  -161.213  -204.644
11.0061  -170.129  -188.989
29.1703  -143.652  -222.424
8.61209  -147.456  -213.583
55.7987  -145.526  -206.512
37.7559  -132.986  -209.819
38.4546  -174.264  -178.108
23.7027  -170.426  -176.34
22.0759  -136.924  -215.111
2.12518  -142.251  -207.49
50.4794  -137.759  -196.142
41.5903  -135.258  -189.552
33.481  -167.01  -170.781
18.4311  -169.078  -169.578
53.1443  -151.964  -179.335
39.422  -162.017  -159.942
6.6813  -157.588  -199.31
9.63388  -168.012  -185.819
30.6315  -129.086  -201.655
33.9431  -131.432  -182.406
27.7427  -164.709  -165.178
13.0401  -169.092  -165.12
47.1681  -145.795  -171.838
41.2825  -138.324  -162.313
0.88946  -155.292  -192.857
-2.09795  -165.839  -175.046
16.418  -134.31  -206.594
0.390584  -141.061  -195.031
21.6471  -163.179  -160.954
9.68431  -168.768  -162.352
31.9375  -155.749  -148.47
26.8859  -137.483  -157.726
-3.07626  -154.188  -185.726
-0.75746  -153.888  -183.251
11.3537  -132.644  -198.005
3.87105  -143.707  -189.869
22.9313  -127.541  -192.493
25.0578  -132.571  -173.71
10.3975  -134.025  -192.74
2.68123  -163.831  -173.405
17.8095  -161.313  -156.043
19.3685  -152.503  -152.957
16.199  -130.832  -184.383
