78.7103  -198.528  -231.591
78.0684  -196.15  -221.522
69.2542  -195.523  -223.538
66.4946  -191.96  -229.586
73.6489  -185.897  -231.711
86.7928  -187.272  -230.552
79.3254  -196.713  -213.676
71.0366  -199.058  -215.682
62.4869  -189.842  -226.308
64.8112  -185.521  -230.363
86.2178  -188.202  -217.924
61.46  -191.194  -226.228
86.8856  -178.269  -224.926
78.5048  -176.838  -229.877
54.5515  -189.518  -220.046
70.8271  -179.102  -231.279
56.3838  -178.07  -228.831
73.6833  -165.541  -226.11
66.9468  -194.097  -217.828
59.6098  -193.702  -209.298
88.9105  -180.1  -206.737
64.7065  -168.605  -232.12
48.5662  -169.489  -227.303
84.6406  -168.229  -218.636
69.3679  -155.101  -221.464
64.4266  -194.331  -208.381
52.1169  -193.463  -205.931
78.047  -194.633  -201.422
75.9685  -190.073  -189.999
53.8472  -185.172  -224.018
47.7501  -186.573  -214.366
81.471  -157.78  -211.784
64.8227  -143.378  -216.861
59.2437  -195.991  -199.108
45.0511  -188.907  -199.455
85.3269  -171.66  -196.816
71.665  -183.802  -178.552
45.4072  -180.11  -220.511
37.7319  -183.544  -209.988
58.6535  -159.168  -227.585
40.678  -161.423  -223.607
81.7876  -161.917  -187.976
63.2929  -175.366  -171.32
35.3964  -174.578  -217.493
31.4113  -178.422  -204.907
51.7698  -149.075  -223.042
33.1123  -154.147  -219.595
76.7859  -146.601  -204.39
57.8385  -134.592  -209.899
53.1166  -191.517  -189.926
38.209  -184.976  -194.281
44.4718  -139.912  -218.777
25.2772  -147.457  -217.814
72.3104  -136.345  -195.566
64.2825  -129.438  -190.452
47.3484  -187.76  -182.081
34.4733  -179.686  -190.524
72.616  -153.759  -180.305
56.529  -169.259  -162.707
27.5546  -168.971  -213.218
25.2032  -175.809  -200.802
51.7265  -126.117  -206.229
51.9516  -126.936  -185.795
41.7899  -181.583  -179.13
29.0359  -177.108  -186.793
64.906  -147.413  -175.849
54.1002  -141.364  -169.308
20.4564  -164.927  -209.409
18.8944  -172.116  -195.767
37.3759  -133.472  -214.753
17.2823  -143.019  -211.477
36.4837  -175.073  -177.757
22.9413  -173.353  -182.42
41.9907  -160.743  -166.142
39.0877  -144.87  -177.932
14.7679  -160.727  -203.766
16.1303  -155.593  -192.083
28.2772  -127.346  -208.867
18.7989  -143.822  -202.461
41.8064  -121.054  -197.815
39.9578  -133.353  -183.303
27.0223  -132.498  -198.064
17.7591  -168.437  -191.409
29.0271  -167.277  -176.843
29.1333  -155.412  -176.882
32.7583  -130.966  -191.113
