79.5171  -219.871  -233.005
80.8858  -218.88  -221.575
72.601  -224.771  -225.276
68.8242  -219.71  -234.667
75.0359  -211.18  -239.481
83.7548  -208.99  -230.937
81.0755  -216.906  -213.47
73.8735  -224.13  -215.332
60.6345  -217.459  -235.147
64.3595  -213.007  -243.951
86.4937  -208.754  -220.089
63.4295  -222.128  -228.332
87.5555  -199.664  -228.048
81.5252  -197.869  -241.314
52.2702  -220.226  -223.398
70.5485  -204.466  -248.833
51.8447  -203.208  -245.455
74.716  -182.398  -238.556
68.5592  -223.406  -219.485
60.0212  -223.094  -211.012
89.0065  -197.049  -208.767
61.5514  -190.641  -249.171
41.3039  -194.339  -242.502
83.972  -187.462  -223.551
68.9171  -170.282  -234.524
68.2235  -223.242  -202.742
50.7059  -220.37  -203.625
79.0533  -211.319  -201.065
75.0157  -204.348  -190.881
50.8457  -210.962  -231.768
43.1241  -213.767  -218.395
80.5817  -174.625  -219.305
60.8024  -157.399  -229.111
61.82  -217.55  -194.036
43.104  -212.73  -197.138
84.8264  -186.484  -199.949
68.7856  -195.32  -181.653
40.729  -204.677  -229.26
34.4605  -206.667  -212.765
54.3524  -179.922  -242.988
31.7683  -185.44  -239.19
77.8143  -175.654  -193.112
59.6909  -186.447  -175.028
31.1083  -197.23  -223.891
26.4836  -200.928  -208.162
44.9789  -167.842  -238.612
18.8648  -177.605  -240.745
78.2475  -157.566  -211.924
54.139  -147.245  -223.411
54.4465  -210.657  -184.739
35.0456  -207.382  -191.664
35.6898  -157.125  -237.732
10.2067  -169.108  -236.999
64.0901  -149.788  -204.498
56.0269  -144.248  -199.873
47.6944  -202.718  -179.842
30.5017  -201.123  -188.576
68.9192  -163.742  -184.325
50.9086  -179.527  -172.22
20.2954  -191.437  -220.848
19.6998  -196.697  -203.635
44.9111  -136.152  -220.873
45.1924  -139.667  -195.438
40.7223  -196.449  -176.947
25.6102  -195.269  -185.58
60.01  -157.748  -181.907
48.2082  -151.845  -177.422
13.9559  -185.596  -216.569
12.9759  -192.168  -198.794
24.3022  -148.29  -235.211
4.04148  -163.7  -224.684
33.7855  -191.653  -177.349
21.009  -191.104  -182.453
39.1966  -174.178  -174.911
33.9092  -157.221  -181.081
10.471  -181.189  -211.402
9.70525  -181.628  -199.466
14.4191  -143.623  -225.079
7.3246  -163.291  -214.701
28.8667  -127.695  -210.901
30.9089  -146.328  -191.594
19.254  -145.252  -212.18
14.0607  -190.752  -191.172
24.2194  -183.877  -176.673
26.1669  -170.648  -180.631
25.5451  -142.658  -203.972
