68.9947  -223.184  40.371
71.2688  -225.218  50.7615
62.2376  -229.959  45.3676
61.855  -223.635  34.6095
67.5899  -214.244  34.6564
74.5824  -214.535  41.4929
70.7238  -223.597  59.8073
61.8313  -229.993  56.7602
53.8231  -220.316  32.7678
59.9918  -213.662  30.3568
74.1045  -214.689  52.3409
54.2958  -225.614  41.0202
75.2964  -207.53  44.3986
70.4986  -206.226  37.3262
42.7161  -222.235  44.169
66.7051  -207.373  30.6242
51.6272  -204.647  25.2159
69.1105  -193.022  36.6996
55.9884  -228.838  50.9621
47.183  -226.47  58.1007
74.5034  -204.924  61.6123
62.2517  -196.166  28.5486
44.8574  -194.297  25.27
75.5623  -196.113  47.6235
66.8992  -181.003  37.6674
54.1585  -228.3  68.9994
36.5801  -221.847  64.0213
66.8832  -217.946  71.761
63.45  -210.424  81.3383
42.5613  -214.44  32.645
33.1988  -215.752  47.3003
75.6021  -183.673  51.5214
63.3863  -168.112  39.5655
47.0251  -222.512  78.0416
31.1817  -213.403  69.164
72.8295  -194.859  69.2949
58.3827  -200.858  89.9189
33.5847  -207.452  32.3879
26.3718  -207.509  51.4715
57.7165  -184.55  28.3239
37.2772  -185.216  23.8218
71.2159  -183.502  76.7089
49.9192  -190.667  93.6187
30.7152  -196.108  39.5462
23.6922  -198.16  55.3444
51.1103  -173.543  32.5332
29.6119  -174.803  24.6503
71.7307  -170.804  55.7307
55.9843  -158.448  44.3407
40.7076  -212.484  83.2773
27.4598  -205.81  71.6746
44.8488  -163.051  33.9128
23.7215  -166.508  30.0135
64.6473  -160.476  61.0666
57.4152  -153.232  63.8365
35.6702  -203.564  86.1795
24.7316  -197.116  74.0097
64.9068  -172.196  83.1903
43.2733  -182.518  96.2287
23.5211  -187.974  41.2554
19.164  -192.106  58.6521
49.2548  -152.087  48.1647
48.2877  -147.137  66.3673
31.2318  -194.85  85.1654
19.3484  -193.245  76.6791
56.0773  -165.144  83.8319
45.5977  -158.368  85.3538
18.8226  -182.516  44.9883
12.3516  -187.627  62.1462
38.4711  -155.119  35.789
20.092  -162.866  40.8549
25.9109  -189.385  86.8453
16.5076  -188.464  77.5505
33.1304  -174.683  92.1387
37.11  -159.132  82.7703
13.6193  -177.326  49.6314
13.6048  -173.832  55.7073
32.3486  -152.389  43.467
19.8969  -163.508  46.3154
41.491  -147.03  52.3325
38.5319  -150.883  66.5759
29.5373  -153.129  50.0936
8.88908  -187.007  64.4504
21.2213  -180.972  85.4845
22.629  -169.296  82.9367
34.4448  -149.122  55.8081
