89.231  -190.748  -265.223
90.891  -192.258  -255.921
81.6248  -194.7  -260.024
79.7295  -187.524  -265.162
85.8051  -182.301  -266.928
92.5969  -183.864  -261.363
90.25  -191.326  -248.911
82.9368  -195.452  -251.168
72.4231  -184.04  -264.653
75.9803  -180.472  -269.406
94.1344  -185.179  -253.054
73.6312  -190.411  -261.321
93.0122  -179.087  -257.567
88.6536  -176.519  -263.047
63.5405  -186.617  -256.149
82.7808  -176.293  -267.001
67.7992  -171.918  -265.117
85.6943  -165.977  -259.88
77.1915  -194.022  -254.532
69.1212  -191.281  -246.502
92.4463  -178.715  -244.119
76.8204  -167.198  -264.24
59.5232  -163.443  -264.219
91.2213  -171.052  -252.205
81.2316  -157.803  -254.426
77.1702  -196.663  -239.915
58.0125  -191.148  -240.153
89.4933  -189.511  -237.117
85.368  -183.801  -227.899
61.5109  -179.16  -262.916
55.6798  -179.776  -248.949
88.8214  -162.545  -246.372
76.9011  -147.836  -249.44
72.0046  -193.24  -229.376
50.4225  -186.683  -231.881
92.0329  -171.479  -235.47
79.5601  -177.134  -219.651
54.5493  -172.113  -257.695
46.2005  -175.974  -243.315
71.6693  -156.891  -262.524
51.4955  -155.193  -261.234
87.5533  -163.853  -228.017
73.2848  -170.03  -211.386
46.9982  -165.205  -252.219
42.1187  -170.045  -239.078
65.5053  -145.8  -259.684
44.3368  -147.515  -256.349
83.1793  -154.284  -239.459
70.8124  -137.859  -243.972
64.8435  -188.226  -220.62
45.205  -178.07  -226.439
59.0757  -135.173  -256.19
35.3804  -139.383  -255.899
80.1957  -143.929  -232.43
74.4191  -137.317  -226.286
59.4498  -181.26  -214.747
41.4344  -173.657  -222.728
84.3272  -154.59  -218.546
66.3335  -162.823  -207.996
40.2454  -157.887  -247.578
36.8036  -164.421  -234.755
66.033  -128.934  -240.133
66.8032  -130.498  -221.147
55.0086  -173.246  -211.908
40.4694  -167.559  -220.386
76.4342  -148.38  -214.39
67.4844  -141.674  -208.793
34.11  -154.219  -243.783
31.0969  -159.8  -229.918
51.1429  -127.017  -251.026
33.1611  -137.789  -243.043
48.9682  -166.892  -209.36
36.2214  -163.015  -216.977
56.758  -155.452  -205.143
54.6386  -138.913  -208.725
31.647  -149.347  -237.345
31.8603  -149.288  -232.73
43.9692  -126.09  -241.1
36.2185  -139.454  -236.173
57.5875  -124.243  -231.716
54.0394  -130.774  -216.8
41.7531  -130.672  -234.794
29.0466  -158.536  -224.45
42.6089  -158.538  -208.112
43.5366  -148.192  -207.69
48.5953  -127.805  -226.651
