72.1561  -181.982  -259.428
74.715  -183.702  -248.709
64.506  -184.951  -253.71
62.3867  -180.078  -261.079
69.9461  -173.642  -265.042
76.8327  -173.711  -255.055
74.4932  -182.713  -240.256
66.8901  -186.906  -243.871
56.939  -175.728  -256.811
58.7814  -173.108  -263.399
78.2787  -175.529  -244.637
58.7651  -178.876  -254.597
78.4289  -168.355  -250.44
73.0465  -166.232  -258.943
49.5859  -177.854  -250.047
65.6161  -167.091  -265.18
50.6968  -166.457  -261.256
71.0066  -154.69  -257.081
60.9484  -183.443  -247.004
53.6817  -181.69  -238.277
78.65  -169.473  -233.414
59.0968  -158.749  -264.326
44.3638  -160.895  -255.619
78.0182  -160.113  -244.129
67.6387  -144.635  -252.439
61.8557  -186.651  -232.928
47.5009  -181.531  -234.001
73.8591  -181.621  -227.619
70.7638  -177.756  -217.597
46.6422  -170.077  -254.194
42.1969  -176.296  -244.377
76.3162  -151.525  -237.245
62.782  -134.85  -246.647
56.6013  -186.081  -224.194
40.8775  -179.671  -227.474
77.2387  -163.499  -223.863
66.0734  -173.005  -207.913
37.2997  -165.109  -250.843
33.4641  -172.557  -240.147
52.9644  -151.34  -259.642
34.6032  -155.782  -255.702
73.6898  -156.885  -215.38
58.447  -167.378  -201.259
30.4531  -162.721  -247.406
26.3647  -170.222  -235.888
46.2504  -142.438  -256.591
25.2838  -149.112  -255.357
72.654  -142.606  -229.671
55.6948  -128.483  -238.62
50.9298  -180.568  -216.519
35.7865  -173.952  -222.625
38.9722  -132.779  -253.274
18.8185  -144.255  -250.846
66.0218  -136.054  -221.707
59.6319  -130.661  -216.132
45.5021  -176.022  -210.187
29.9216  -173.346  -218.285
67.2697  -150.741  -207.136
51.4854  -163.221  -197.05
23.3199  -160.725  -244.604
20.7554  -167.934  -231.556
48.2528  -123.87  -233.548
49.1669  -129.355  -212.163
40.3264  -171.422  -207.107
25.3588  -171.371  -214.67
60.8732  -146.003  -201.915
50.4371  -142.827  -198.495
15.3748  -158.805  -241.219
14.6056  -166.627  -226.916
31.5835  -130.298  -246.178
12.9436  -142.317  -242.643
34.016  -170.454  -202.442
21.3597  -170.685  -212.333
41.6733  -158.355  -196.106
37.6522  -143.315  -200.657
10.6941  -157.173  -236.735
9.43202  -154.142  -224.255
24.0482  -129.063  -238.015
13.0006  -142.214  -231.871
38.0267  -123.265  -225.71
38.722  -133.591  -210.517
22.3882  -131.131  -229.82
12.2419  -162.894  -217.618
25.9019  -166.233  -198.471
30.2255  -155.488  -198.959
31.2371  -128.669  -220.828
