69.5685  -212.782  -371.341
73.709  -215.202  -362.564
62.246  -219.246  -365.453
60.3836  -210.505  -371.801
66.7142  -203.472  -373.478
74.9143  -204.329  -369.752
75.4658  -214.673  -353.933
65.2494  -220.385  -355.184
53.6604  -206.813  -369.972
58.2375  -201.778  -373.127
77.9734  -205.655  -361.008
54.2591  -213.255  -365.897
75.5785  -198.383  -365.817
71.2309  -196.183  -370.88
44.5571  -209.317  -359.548
65.3194  -196.766  -373.862
50.0775  -192.623  -373.625
70.8368  -183.75  -368.728
57.4769  -219.407  -358.628
48.3437  -219.225  -349.345
80.8683  -196.632  -351.905
60.8488  -186.256  -371.972
43.8231  -182.656  -371.248
77.2305  -187.312  -362.452
68.0486  -173.447  -363.268
60.6328  -220.055  -341.598
40.9394  -212.633  -340.936
75.3613  -210.092  -342.029
73.154  -203.189  -331.637
43.5921  -200.857  -367.401
36.807  -202.785  -353.618
75.377  -177.227  -356.768
65.9064  -161.536  -359.62
56.9597  -214.606  -330.08
37.1433  -204.043  -333.304
81.3485  -187.476  -343.721
70.0472  -194.212  -322.4
36.9949  -193.15  -362.634
30.1935  -195.23  -347.202
57.4235  -174.678  -371.142
35.7422  -172.767  -370.585
80.406  -177.334  -335.988
64.9775  -185.172  -313.544
29.8614  -184.684  -358.741
26.2982  -187.65  -342.331
52.6644  -162.692  -367.819
27.4731  -163.25  -368.57
74.2728  -166.051  -351.417
61.724  -150.549  -355.527
51.381  -205.788  -321.897
34.1691  -195.437  -329.016
47.1367  -152.384  -363.274
22.8977  -155.202  -362.206
70.3199  -155.817  -344.785
67.7026  -147.176  -338.992
47.367  -196.182  -318.166
33.1486  -187.589  -326.217
74.4536  -167.347  -328.646
57.8418  -176.376  -311.854
24.4061  -176.649  -352.055
22.8684  -181.581  -337.245
56.7739  -142.923  -350.651
60.6287  -140.347  -333.386
42.969  -188.176  -315.839
28.9219  -182.54  -321.593
69.5505  -159.572  -323.266
61.035  -152.261  -317.959
20.0305  -170.971  -346.76
19.8986  -175.766  -331.833
41.2624  -143.461  -359.974
19.7096  -150.508  -350.931
37.6943  -182.23  -312.38
22.5429  -180.157  -317.643
49.2527  -167.595  -306.739
50.2223  -147.722  -313.8
19.2398  -166.694  -340.879
16.4064  -159.872  -329.647
35.3706  -138.159  -352.14
24.0494  -149.59  -339.487
50.3027  -136.234  -343.763
47.4146  -140.68  -326.523
33.5677  -139.973  -340.677
13.6544  -175.077  -325.569
32.3402  -173.168  -308.916
35.5092  -160.264  -309.504
41.298  -138.259  -336.412
