47.9373  -208.514  -253.99
52.5146  -209.488  -247.344
42.7578  -211.213  -246.228
39.9142  -207.017  -252.796
44.8397  -200.332  -257.571
50.9576  -199.839  -254.673
55.5817  -208.771  -240.075
45.8848  -212.042  -238.507
34.0807  -204.377  -249.93
36.7294  -199.764  -255.98
53.9309  -200.252  -247.287
37.3378  -206.961  -244.639
51.1794  -194.696  -252.342
47.997  -193.325  -256.212
30.0328  -203.654  -237.62
42.5783  -193.538  -258.61
31.2624  -191.503  -251.242
46.4237  -183.093  -252.441
40.1343  -211.644  -239.387
35.5015  -208.991  -230.223
57.6498  -192.177  -240.789
39.0932  -185.716  -255.143
25.929  -183.631  -247.804
50.8708  -185.148  -249.812
43.6052  -175.967  -245.708
44.236  -212.927  -225.512
27.074  -208.767  -221.303
58.8653  -205.539  -228.545
59.1769  -200.007  -216.648
28.7251  -197.502  -243.464
24.1647  -198.492  -231.082
49.0088  -177.186  -244.594
41.3876  -165.99  -243.976
44.1639  -211.146  -212.295
24.7222  -200.981  -213.605
61.6321  -183.889  -233.595
59.5987  -192.345  -205.648
21.8311  -192.311  -238.856
19.3422  -192.344  -224.544
36.1687  -177.856  -248.168
19.8759  -175.71  -243.73
63.0326  -173.877  -226.579
55.1701  -183.249  -196.038
17.3946  -185.386  -231.892
16.0106  -185.544  -219.323
31.5979  -167.709  -245.205
12.1174  -168.527  -241.23
47.8325  -167.693  -241.155
35.831  -159.351  -237.659
39.473  -206.691  -200.644
21.5633  -193.8  -208.869
26.6032  -160.28  -240.422
7.55869  -161.814  -235.869
44.4739  -159.015  -233.864
41.3845  -152.328  -229.049
34.8386  -196.981  -197.023
21.0407  -186.4  -205.753
60.6125  -162.682  -218.353
48.2996  -173.748  -192.766
12.2004  -178.711  -226.51
12.8452  -180.774  -214.123
33.005  -151.161  -234.51
36.8367  -146.288  -223.334
29.5773  -188.62  -194.138
17.7696  -182.148  -201.475
55.1458  -155.117  -213.016
46.527  -147.52  -204.448
6.22735  -174.961  -222.175
8.97036  -178.838  -208.938
21.2286  -152.763  -238.076
7.8885  -158.652  -226.181
25.5605  -181.991  -192.741
12.9194  -180.236  -196.487
35.9605  -165.095  -189.809
34.7586  -150.019  -201.152
4.5441  -170.312  -216.198
4.98712  -167.94  -211.672
16.7244  -148.013  -231.26
9.67651  -158.359  -222.554
27.8046  -146.503  -229.547
28.6479  -145.011  -212.775
17.6502  -148.284  -224.816
11.5003  -177.339  -207.844
21.2478  -173.43  -190.918
24.1835  -162.141  -193.228
21.5374  -146.399  -220.342
