99.5681  -48.2335  -165.424
99.1286  -48.2398  -152.044
85.5974  -51.4772  -155.546
83.4349  -46.8628  -164.745
93.1274  -40.714  -172.075
103.875  -38.4985  -163.372
99.0138  -44.9126  -143.056
87.501  -48.0666  -146.39
75.3139  -43.3847  -163.965
79.9592  -40.6972  -171.515
107.916  -38.2254  -150.446
77.5745  -47.1676  -158.592
107.948  -29.0256  -161.244
99.8503  -29.1964  -171.442
67.1954  -43.2833  -154.543
89.2817  -33.0215  -175.81
68.4221  -33.3334  -172.883
96.2255  -14.473  -171.76
82.0869  -48.9391  -149.82
72.8429  -47.2476  -142.03
108.081  -25.2931  -139.897
82.0226  -21.4585  -178.835
59.456  -23.4446  -172.915
110.102  -15.1642  -157.717
90.3045  -2.56649  -167.328
81.365  -47.3196  -133.747
64.6652  -42.281  -135.305
96.4539  -37.8179  -130.53
93.4702  -30.44  -119.822
64.464  -38.4326  -163.299
56.3082  -39.5417  -150.164
103.526  -2.89283  -151.697
83.2466  9.06945  -162.097
75.1866  -42.3794  -124.277
55.9666  -36.7761  -128.598
104.945  -13.8028  -131.224
86.4621  -20.1277  -112.614
54.6311  -33.0075  -160.39
47.1113  -32.7156  -145.325
74.721  -10.0016  -176.484
49.5471  -14.7234  -171.247
98.1602  -2.58936  -125.318
77.6098  -11.0269  -105.9
45.1872  -24.4588  -156.186
39.9506  -25.0696  -141.188
66.3825  2.18465  -175.164
39.1841  -5.68106  -171.592
96.2221  9.15687  -145.976
73.8855  17.9153  -155.553
67.8632  -36.4761  -114.013
49.6914  -29.4156  -125.197
57.6229  11.8455  -168.656
30.578  1.83789  -168.136
84.6843  16.3736  -140.079
76.9581  23.2122  -135.666
61.4174  -26.3259  -111.836
44.1431  -22.0985  -122.035
88.8696  7.36834  -119.125
70.3128  -4.19736  -99.4537
33.1658  -17.6929  -154.95
33.5695  -19.4112  -136.988
66.5696  25.8055  -151.786
68.4891  30.8775  -131.699
54.6298  -20.8862  -107.359
37.1375  -19.3659  -117.934
79.8323  13.6605  -116.185
69.3442  20.7535  -111.42
27.2857  -13.869  -150.394
26.2329  -16.8884  -132.274
48.7168  20.1706  -166.754
26.671  6.01741  -155.745
47.2836  -14.5365  -106.949
29.9849  -16.5069  -114.57
57.0129  3.55444  -98.0833
54.8415  18.8453  -112.779
24.8206  -10.0176  -144.893
20.3739  -1.6728  -133.125
39.8781  24.6272  -158.049
28.7283  7.33666  -149.691
56.6137  32.7321  -146.737
51.2318  27.9533  -126.754
37.9472  23.9025  -148.037
22.4786  -13.3377  -125.546
37.3854  -6.91992  -106.733
41.0619  6.20816  -106.36
48.3214  29.1118  -141.229
