66.0507  -30.1271  -182.017
68.5901  -32.0691  -169.127
55.7709  -35.3689  -174.052
54.0561  -29.1404  -184.699
62.2036  -18.3747  -185.559
72.0922  -18.5967  -178.119
69.9652  -32.1484  -157.729
56.8879  -37.5448  -162.416
44.9608  -25.8858  -183.87
51.371  -18.4489  -188.242
74.6346  -19.6229  -165.645
46.5564  -31.7666  -176.698
71.3579  -9.77992  -173.197
65.7057  -8.7259  -180.495
34.8628  -28.9143  -170.935
59.3775  -10.2663  -187.013
41.8189  -9.17328  -184.97
61.2564  4.13582  -175.835
49.661  -35.394  -167.557
40.4914  -33.5218  -158.633
73.7461  -9.29168  -153.837
52.8741  0.457901  -183.129
34.4289  0.451653  -181.272
68.0116  0.997694  -166.932
55.8101  14.0872  -169.256
48.9054  -35.1402  -149.488
29.383  -32.9972  -150.327
64.0355  -25.5241  -145.075
60.37  -18.725  -133.496
32.6957  -21.3597  -181.898
24.2837  -23.9526  -165.57
63.4001  11.8564  -160.686
50.471  24.7563  -163.464
42.2815  -30.8831  -139.272
21.6588  -26.6338  -141.971
68.6789  0.415135  -144.686
53.1192  -8.99029  -124.894
25.7886  -12.9114  -175.441
16.1794  -16.7612  -158.927
47.0697  10.7925  -177.756
25.247  9.87793  -180.435
64.063  10.7865  -136.228
45.3981  -0.568735  -115.804
15.7976  -5.8717  -171.338
12.1585  -8.21684  -152.718
40.6365  22.9264  -175.014
15.4959  19.4134  -179.623
59.1003  22.9272  -153.878
46.0609  37.3948  -160.177
35.2378  -25.6572  -127.694
16.9306  -17.5035  -137.214
33.0742  34.0383  -171.945
10.0923  25.573  -170.532
52.8851  32.792  -146.965
48.4567  41.3954  -140.502
28.8911  -16.3431  -122.764
14.3573  -10.5088  -133.89
57.8556  20.7666  -126.661
37.7284  6.64413  -110.425
10.2125  2.64597  -164.166
7.19818  -2.42952  -147.45
39.0383  44.1709  -154.538
39.764  48.625  -134.75
22.8094  -9.67751  -119.092
10.8464  -1.80179  -130.477
49.1997  27.3648  -122.553
38.6604  33.8427  -117.11
1.10482  6.46463  -160.739
0.0929457  0.768081  -142.171
25.1566  40.5496  -166.482
2.94024  30.1075  -162.081
16.4397  -2.1408  -118.474
2.03639  -0.347602  -125.327
25.7416  14.604  -109.629
24.0464  34.2134  -118.547
-3.76012  11.5309  -153.737
-2.79572  18.2473  -139.277
17.6873  44.3194  -158.717
3.99408  29.6338  -152.293
30.5645  51.6354  -148.734
25.8051  42.4753  -131.051
14.3992  43.6466  -151.516
-1.10972  5.90762  -133.962
9.12711  7.17184  -118.922
14.3503  18.7082  -115.956
20.8177  48.2185  -141.509
