74.5375  -100.588  -220.052
75.2116  -99.7741  -208.104
64.77  -102.661  -212.757
63.4074  -96.3853  -222.524
72.9658  -89.1134  -223.084
77.6989  -90.0861  -214.072
74.6361  -96.9534  -200.698
65.9602  -101.594  -202.478
55.2254  -89.82  -220.712
62.1525  -85.2884  -224.592
79.5296  -91.013  -205.292
55.3874  -97.0628  -215.368
81.6704  -84.5431  -210.548
77.9474  -81.4886  -217.613
48.1039  -86.8578  -208
71.225  -80.74  -223.422
54.3949  -73.3866  -220.257
76.3599  -68.0466  -213.073
59.3924  -100.501  -206.664
51.4259  -95.2498  -197.98
82.0847  -82.0371  -195.05
66.4898  -68.6479  -218.894
48.6354  -61.7193  -216.121
83.0486  -73.3396  -204.889
74.4801  -55.8443  -207.771
60.059  -96.7763  -190.872
44.6218  -86.907  -190.233
73.7676  -91.615  -188.471
71.4985  -84.0542  -178.432
50.5148  -78.7784  -213.317
43.0502  -76.665  -201.316
84.2397  -61.1889  -198.745
73.2408  -41.6057  -203.701
55.177  -89.554  -181.842
39.7108  -76.9516  -183.077
82.214  -72.1572  -185.833
66.9103  -72.9542  -170.443
42.1232  -69.7767  -209.251
38.2991  -66.452  -195.492
62.6193  -56.5798  -213.535
42.4566  -49.92  -211.624
80.738  -61.1608  -177.089
61.1021  -62.5152  -162.271
35.6769  -58.9603  -202.843
33.9425  -56.5532  -189.839
58.3231  -41.798  -211.695
34.0239  -38.6908  -211.22
82.6733  -48.1666  -191.495
69.0963  -28.2631  -197.57
49.6186  -81.2407  -171.582
38.7798  -65.2724  -178.674
52.6142  -29.7598  -205.85
28.4811  -28.6593  -205.754
76.7391  -36.4738  -183.749
73.2842  -26.202  -177.656
45.8943  -70.2909  -166.852
36.1809  -57.3038  -174.986
76.1226  -49.5291  -168.05
55.002  -53.8163  -158.065
32.0311  -48.2922  -196.378
28.9312  -49.7923  -184.641
64.5408  -17.8569  -192.879
66.058  -15.6785  -171.615
42.8015  -58.7096  -167.497
32.7207  -48.0412  -169.933
70.6759  -40.4834  -162.807
62.2433  -31.1024  -156.963
25.9255  -42.1251  -191.084
23.9872  -44.787  -179.545
47.1217  -19.4735  -202.463
26.848  -25.5674  -192.924
36.9897  -53.3993  -163.09
23.1629  -51.6421  -166.172
47.0559  -43.889  -153.91
50.7199  -27.7851  -156.959
23.5148  -38.3504  -186.925
21.9741  -34.4089  -177.242
40.2921  -12.5257  -194.587
28.7825  -25.1377  -186.543
57.4106  -4.77147  -185.722
55.6642  -13.2733  -162.031
38.055  -12.6687  -185.247
18.8591  -40.2058  -173.896
29.5095  -45.9295  -154.968
35.7701  -35.0151  -155.914
51.1641  -9.14914  -174.991
