62.9125  -120.133  -208.648
69.1756  -119.065  -192.57
51.7848  -121.09  -196.684
45.5868  -115.085  -209.638
57.9398  -106.318  -216.393
73.3134  -107.094  -205.16
73.0978  -116.606  -181.465
57.516  -119.593  -184.331
36.6096  -105.753  -205.141
41.2695  -101.988  -212.33
78.528  -107.174  -190.697
38.1296  -116.297  -200.672
78.6387  -97.3689  -200.943
67.9173  -94.3966  -212.151
26.935  -107.113  -193.717
53.3717  -95.5531  -214.744
30.2635  -89.0768  -208.848
66.3118  -76.4891  -209.818
47.1094  -119.544  -189.46
38.6483  -114.314  -178.423
83.4345  -93.9036  -177.856
46.725  -80.8584  -212.389
21.6885  -75.8015  -206.638
83.1298  -82.2473  -195.84
65.5878  -59.9076  -207.241
53.7624  -120.027  -167.218
28.3831  -109.973  -167.339
74.9994  -108.245  -166.062
75.5704  -98.8967  -153.585
23.4709  -96.7423  -203.776
16.0509  -98.5886  -187.037
80.3265  -67.3433  -187.334
62.5074  -42.7262  -201.508
49.1565  -113.146  -153.055
20.6839  -101.428  -157.132
83.8206  -80.8893  -167.982
73.3728  -86.6334  -141.529
17.6174  -86.0042  -197.342
12.8442  -85.6775  -180.506
41.6401  -65.6851  -209.023
15.1125  -64.7413  -196.197
80.6174  -67.5384  -159.739
67.3347  -73.881  -131.092
20.7694  -68.587  -185.213
14.399  -67.1638  -175.821
36.4578  -46.7309  -207.181
4.80157  -50.33  -200.129
78.8794  -51.3294  -180.133
56.7927  -26.9514  -193.993
44.0613  -107.043  -137.929
14.9442  -92.0616  -151.155
28.5253  -32.9949  -204.909
1.70371  -45.1029  -194.665
73.213  -37.4275  -171.961
62.7063  -28.0158  -165.591
37.6369  -99.9202  -122.36
15.8395  -79.3322  -151.745
76.7877  -53.9918  -150.669
61.9993  -62.8287  -120.055
0.701456  -61.6006  -185.774
0.467134  -66.3927  -169.659
49.2381  -16.2593  -187.644
60.0683  -7.32369  -159.049
33.0932  -84.6731  -124.653
20.2996  -69.9697  -146.789
68.9205  -43.9846  -145.415
63.1956  -29.3603  -134.808
-1.85698  -54.819  -179.234
-4.78003  -60.4785  -163.634
20.3009  -20.5878  -202.164
4.29185  -37.6451  -190.296
29.5317  -70.0419  -131.666
4.8305  -66.173  -143.558
45.446  -49.7481  -122.32
37.3684  -25.895  -138.627
-4.06808  -53.2422  -178.24
-2.60582  -46.9569  -160.545
18.8392  -14.7377  -189.935
5.51423  -39.0207  -182.421
38.9967  -7.75754  -177.758
36.4017  -14.9956  -153.581
15.6714  -22.0901  -181.395
-12.4432  -57.5174  -151.914
20.2512  -57.8645  -131.459
22.0853  -39.2374  -131.651
28.8588  -11.5536  -170.155
