82.8988  -57.3448  -170.489
85.4313  -57.728  -157.881
72.3458  -62.6996  -163.9
70.0688  -53.4877  -172.749
80.3274  -46.7786  -175.581
88.8489  -46.7837  -166.11
86.2172  -55.709  -148.14
74.2092  -63.5603  -150.855
60.9936  -47.3141  -171.752
67.1707  -43.5207  -173.606
92.0014  -47.5926  -155.223
62.0566  -54.0716  -166.794
90.3394  -40.3984  -161.34
85.8358  -38.1351  -170.133
51.3016  -46.6924  -160.768
77.1646  -39.577  -173.821
57.9045  -33.6663  -169.539
82.242  -24.854  -165.298
64.1894  -62.7535  -157.544
54.3725  -56.4261  -147.797
93.4034  -36.2926  -143.63
70.3782  -28.0608  -170.158
51.2968  -21.5775  -166.866
89.9649  -28.0331  -155.718
77.8154  -12.6241  -159.375
65.7846  -60.8297  -135.411
43.5431  -48.7756  -140.662
84.3926  -49.0206  -133.549
81.0431  -39.9947  -122.538
53.9589  -35.098  -166.015
44.034  -34.1713  -155.61
89.2275  -15.3268  -149.993
74.81  0.901279  -156.865
58.4773  -53.6714  -123.914
34.7056  -39.4974  -133.332
92.3943  -24.9834  -134.202
75.8858  -28.7173  -111.91
44.2712  -28.3149  -161.958
37.4028  -22.2839  -150.465
64.5008  -14.1492  -166.063
46.8151  -5.64511  -160.944
88.7814  -13.0038  -125.873
67.701  -17.7471  -102.413
39.639  -14.4125  -153.565
29.5887  -13.308  -145.132
61.3409  -0.60746  -160.522
32.4367  -6.35927  -158.397
87.8876  -1.57769  -144.148
68.8189  15.1168  -152.779
49.8526  -46.5726  -109.929
32.7752  -25.8468  -128.254
52.7201  11.8459  -158.988
45.1867  -3.29348  -154.583
80.7845  10.8773  -137.422
74.6023  20.9335  -131.917
43.7496  -33.5362  -106.11
29.1381  -16.7292  -124.61
80.6506  -1.12949  -118.331
59.8753  -8.20076  -95.8144
31.5752  -10.035  -152.135
19.407  -9.72359  -140.807
61.5196  24.055  -147.403
65.0944  30.1893  -127.265
37.5437  -24.2137  -103.519
21.3847  -10.0812  -118.879
73.5952  8.25  -113.071
63.2447  17.9328  -107.656
20.1115  -0.920392  -145.775
10.8296  -6.23152  -135.152
42.4294  18.6602  -154.268
26.7455  15.1375  -154.013
31.7116  -12.6038  -106.022
13.0092  -14.5895  -116.125
45.9776  3.36278  -95.2044
43.6849  20.41  -111.692
23.1028  -0.372673  -146.656
14.1875  5.76332  -134.239
34.9983  28.8543  -153.863
24.2079  13.3359  -150.772
52.7919  33.6477  -142.722
42.6574  31.4335  -121.309
30.5967  33.2805  -148.162
7.01786  -8.32701  -125.647
25.8887  -3.27597  -106.453
30.7625  9.55239  -103.25
41.6007  35.9098  -136.768
