93.5883  -66.4452  -153.64
96.2905  -67.2751  -142.131
86.2222  -72.1859  -148.8
84.9272  -66.6609  -158.427
91.4867  -58.1385  -159.919
98.1005  -56.2555  -150.846
94.0494  -63.6203  -132.926
85.4835  -70.6868  -137.614
76.9023  -64.8573  -161.426
81.9844  -58.2915  -163.369
99.2553  -54.9948  -139.384
77.948  -69.2627  -153.881
98.5125  -47.8292  -147.521
93.3218  -48.177  -155.726
66.7344  -64.8742  -151.195
87.5339  -51.1918  -160.979
72.4945  -49.4817  -164.476
89.2538  -34.4002  -155.475
79.7145  -72.4862  -144.231
70.7338  -67.7594  -137.99
97.5888  -43.0403  -129.163
80.7178  -40.4994  -161.141
64.602  -39.5754  -164.288
97.0583  -35.0771  -143.585
85.2213  -21.493  -154.132
77.0163  -66.9542  -126.982
60.3296  -62.961  -132.542
89.1384  -56.6628  -120.737
82.9234  -47.1683  -113.202
66.5757  -58.6237  -161.287
57.5712  -57.4  -148.297
94.229  -21.5829  -139.12
80.2011  -7.28012  -152.612
69.1916  -60.3117  -119.562
53.1317  -53.6768  -127.938
93.0299  -31.5446  -121.241
75.8213  -36.8309  -105.327
57.508  -50.9704  -159.984
47.1737  -50.5858  -145.293
74.8397  -28.5431  -161.96
56.0438  -29.7735  -163.299
86.5107  -19.7029  -115.709
66.2426  -26.6285  -102.264
49.4631  -42.1757  -157.021
44.3193  -39.6782  -141.886
67.6327  -15.6017  -162.622
47.6907  -20.8277  -162.303
88.8342  -7.42754  -134.447
72.3216  4.8636  -148.905
60.822  -51.9766  -112.143
46.9693  -45.2357  -125.373
59.5058  -4.84765  -160.805
40.6551  -13.4169  -160.093
79.3474  3.1076  -129.521
70.0899  9.61921  -127.306
54.663  -41.7154  -110.392
42.3208  -38.7245  -123.558
76.4278  -9.42677  -111.752
57.7144  -19.1797  -103.274
44.3698  -31.8887  -151.96
38.3032  -33.6978  -139.027
62.8734  10.1004  -144.796
59.8514  15.3514  -125.478
49.0014  -33.8317  -110.431
37.5694  -32.8537  -121.68
69.1432  -1.32167  -109.06
57.5132  3.38512  -109.862
34.5606  -27.6684  -151.488
31.0836  -29.6775  -135.701
51.5045  2.915  -158.901
32.7305  -7.55924  -155.704
42.6346  -27.9222  -109.903
30.8368  -31.3258  -118.96
48.0232  -11.8683  -104.178
47.7393  4.25866  -111.293
30.7064  -21.9113  -147.309
24.6028  -14.3716  -137.542
42.7598  7.89224  -152.934
30.2808  -4.14208  -148.886
53.1725  15.1341  -140.588
49.2005  12.2654  -124.147
38.7813  7.89007  -143.342
21.2555  -25.5753  -128.247
37.9118  -20.8602  -108.884
37.7146  -7.66827  -110.164
42.6532  11.8261  -135.195
