85.2332  -73.0983  -128.267
87.5952  -71.0573  -116.395
77.1916  -75.4265  -120.294
74.625  -72.898  -130.97
81.2524  -65.2025  -135.418
88.0607  -62.0988  -126.765
87.1619  -67.1782  -107.992
79.0919  -74.3992  -109.644
66.6468  -69.7769  -131.606
70.5117  -65.0038  -135.553
89.8727  -60.2918  -116.007
69.0753  -73.2794  -124.33
89.7931  -54.4936  -124.753
84.8656  -55.2543  -133.694
59.6239  -68.4024  -120.579
77.8343  -58.7761  -139.529
60.4479  -58.2777  -139.734
80.6389  -42.168  -134.645
72.9214  -75.541  -114.66
64.402  -73.4123  -106.642
89.1175  -48.6157  -107.568
71.5343  -48.1044  -144.151
52.0152  -49.2211  -140.552
87.3902  -42.7132  -121.851
76.1938  -30.2971  -133.648
72.9692  -70.3959  -97.6481
56.4692  -66.8383  -100.811
83.4843  -58.7806  -97.5415
80.1658  -50.8065  -88.8328
57.1164  -64.0749  -130.839
50.9472  -62.222  -117.012
82.046  -31.4912  -118.472
70.7237  -17.6758  -132.142
66.8674  -65.5348  -87.7283
50.2154  -57.5312  -96.6815
83.7791  -38.2504  -102.093
73.7963  -40.778  -82.7519
49.776  -56.5267  -128.052
42.8689  -54.7229  -113.447
64.5046  -37.3749  -142.713
43.0367  -40.2779  -140.334
80.5398  -27.3925  -96.2392
65.9387  -31.8772  -77.6233
41.1544  -48.5098  -125.253
36.9612  -46.7955  -110.278
56.811  -25.1766  -144.907
32.8884  -33.1168  -140.804
79.784  -18.1885  -115.244
63.1244  -6.79362  -128.425
60.0528  -55.228  -82.9684
42.6079  -52.0516  -92.1803
48.528  -14.6748  -141.411
25.7642  -24.5715  -137.716
72.209  -8.02235  -110.732
65.0727  -1.05008  -107.532
53.8612  -46.7501  -79.257
37.5729  -46.597  -89.7293
73.6033  -17.3406  -91.0012
57.7728  -25.7945  -77.1909
34.0054  -40.0358  -122.131
30.659  -41.8781  -106.864
55.8775  0.975796  -125.463
56.8001  7.50613  -104.503
48.1251  -39.0653  -80.0511
32.755  -41.4065  -87.4277
67.2122  -9.78193  -87.8284
57.8912  -2.1387  -83.5984
26.478  -35.7716  -119.37
25.0219  -37.9377  -102.954
40.5665  -7.33309  -138.372
22.5631  -19.4882  -127.274
41.5242  -34.8229  -77.4273
28.212  -38.9301  -85.6456
48.6602  -19.5409  -76.7418
40.0579  -5.41731  -90.3114
18.6609  -33.2679  -116.913
18.5766  -27.1061  -106.875
31.9167  -1.88312  -131.205
21.6138  -16.4872  -120.313
46.4396  5.8199  -119.736
43.0478  1.11031  -100.196
30.0981  -5.61521  -124.374
19.6271  -34.9645  -96.4008
33.5144  -27.4647  -79.4472
37.554  -16.4797  -80.5999
38.5237  3.52545  -112.986
