86.4294  -77.1017  -149.441
88.6293  -72.0766  -137.469
77.5849  -78.4346  -139.273
72.9244  -76.4931  -150.967
80.7527  -67.1314  -156.523
90.5523  -64.0863  -148.755
89.0545  -67.4202  -130.375
80.3145  -74.519  -129.682
62.4698  -71.6509  -149.599
67.6916  -66.8061  -156.931
91.1721  -61.1048  -138.211
66.0334  -76.9335  -142.049
92.2196  -55.3525  -147.245
85.0438  -55.8347  -154.989
52.989  -71.997  -136.01
76.1563  -59.1899  -160.531
55.8614  -56.0023  -156.229
79.3514  -41.3496  -153.619
71.9417  -79.0667  -132.35
63.266  -74.6198  -122.729
90.5515  -48.2316  -131.554
68.1222  -46.7018  -159.776
46.3982  -44.0995  -156.752
88.7518  -42.3087  -143.97
74.5926  -27.9286  -152.742
74.9979  -68.7519  -117.777
53.4982  -66.5407  -115.369
86.3331  -57.4743  -121.664
82.7779  -47.7877  -114.541
50.7649  -63.6227  -146.994
44.7942  -60.824  -131.779
83.213  -29.6644  -140.685
69.3091  -13.4274  -151.85
69.2831  -60.6336  -109.283
44.1388  -60.9278  -105.777
87.3803  -36.1833  -126.714
77.7175  -35.9861  -107.488
41.549  -53.9855  -143.839
34.2169  -53.2195  -126.509
60.962  -33.6985  -161.544
34.5574  -34.422  -159.855
85.1797  -23.4413  -121.134
71.7108  -24.944  -99.51
31.7483  -44.087  -140.692
29.0632  -42.6251  -123.486
52.0359  -19.4883  -162.482
23.4823  -24.5588  -159.986
78.9824  -16.1859  -137.646
61.2653  -1.24201  -147.405
63.6083  -51.7113  -99.4994
36.7394  -50.2453  -103.084
43.5064  -6.72893  -160.087
14.5984  -13.2781  -157.702
72.9885  -3.09033  -133.876
65.7835  5.40105  -130.091
56.9141  -43.5671  -89.7477
35.5592  -38.5809  -104.94
76.2798  -12.1149  -116.284
65.2336  -15.5773  -93.4279
22.503  -34.9609  -137.458
24.1155  -34.3429  -120.193
53.2789  6.47319  -142.611
57.5896  13.8498  -126.707
49.5495  -33.3756  -91.2611
31.3503  -30.7248  -103.508
70.6705  -2.50562  -112.396
61.7251  6.91693  -107.818
15.0978  -27.8637  -133.834
17.2705  -28.4809  -115.576
35.5264  3.14064  -156.886
8.36391  -4.93277  -145.273
43.285  -25.4352  -95.6328
26.1673  -30.4976  -100.21
51.7839  -8.12002  -96.2242
45.8189  9.05426  -106.514
13.1742  -20.0838  -128.951
10.8046  -15.1196  -123.335
25.6029  12.4165  -149.579
13.9718  -5.02702  -138.156
45.0017  14.7188  -138.52
43.8574  14.5654  -120.077
24.3503  10.8599  -138.987
12.2222  -21.9445  -110.395
35.9841  -16.1437  -95.9399
34.8726  -2.42182  -99.4737
35.6894  14.008  -130.455
