94.5734  -200.341  -245.013
98.9367  -203.3  -235.442
88.7375  -204.993  -236.437
85.7194  -200.418  -246.883
90.6282  -191.118  -248.592
98.5823  -191.695  -244.59
98.6135  -201.018  -226.239
89.6802  -204.627  -226.878
78.8528  -196.409  -244.482
82.8962  -190.106  -247.028
100.403  -192.329  -234.473
80.8421  -202.228  -238.076
97.9979  -185.573  -241.918
93.0857  -184.701  -244.853
72.1524  -198.438  -231.498
87.4877  -185.521  -247.226
73.8432  -182.995  -248.11
86.028  -176.961  -245.487
84.6342  -205.415  -229.659
77.9014  -203.096  -220.64
102.108  -184.351  -225.815
80.99  -177.348  -247.142
66.8007  -175.068  -245.406
96.5198  -176.169  -238.851
81.3834  -168.339  -240.903
84.183  -201.512  -215.847
69.0173  -200.793  -212.986
95.0917  -197.007  -215.289
92.118  -192.339  -207.28
69.3373  -191.819  -241.093
63.104  -195.173  -226.953
93.7016  -166.588  -234.899
77.554  -156.741  -237.216
79.7123  -200.114  -206.284
62.9615  -194.877  -205.677
97.7362  -177.208  -218.837
86.9185  -184.182  -199.224
62.0857  -185.392  -236.714
52.6701  -191.212  -221.594
75.8113  -168.515  -244.724
60.5717  -167.219  -240.566
99.4703  -165.837  -209.738
80.8352  -176.868  -190.523
52.3471  -180.03  -233.625
51.5179  -182.206  -215.27
69.2961  -159.251  -239.84
51.8999  -160.315  -239.836
88.8013  -157.282  -229.091
73.3325  -145.47  -235.167
74.0204  -194.489  -197.49
57.1808  -190.287  -201.19
62.7421  -150.188  -238.05
44.7315  -154.32  -236.383
84.6388  -146.607  -222.409
79.746  -139.926  -217.366
68.432  -187.122  -193.389
54.6615  -184.234  -197.983
87.277  -157.617  -203.541
74.726  -170.68  -186.071
44.0107  -175.467  -230.102
45.2841  -179.832  -210.77
68.2055  -138.212  -230.206
70.6398  -133.538  -211.401
63.278  -181.28  -190.914
50.9077  -179.737  -194.648
82.9539  -151.973  -199.011
74.9029  -143.214  -190.772
39.0143  -169.944  -224.365
40.2767  -175.322  -205.546
57.0685  -145.266  -233.892
41.4721  -150.996  -226.85
57.7822  -176.734  -188.499
47.8598  -177.492  -193.146
64.6658  -163.471  -183.306
60.9554  -146.221  -191.444
34.7397  -164.747  -217.403
36.3233  -161.683  -208.17
51.4138  -141.2  -228.712
41.2038  -150.92  -219.282
60.2963  -134.477  -223.775
60.4436  -135.614  -209.142
48.3702  -142.153  -219.719
38.4267  -173.611  -198.519
47.7356  -170.254  -183.448
51.8753  -159.55  -187.873
55.2195  -136.136  -216.816
