95.2895  -207.64  -267.699
95.3965  -205.001  -259.47
87.1757  -208.377  -262.482
84.3793  -206.044  -270.958
94.6468  -202.316  -283.789
99.3631  -196.332  -265.602
93.4778  -202.003  -254.452
88.8864  -210.583  -254.772
77.318  -201.752  -268.723
80.8066  -196.882  -273.824
100.215  -196.89  -256.947
78.3969  -206.984  -265.436
100.949  -189.603  -262.241
98.364  -189.353  -275.674
68.4879  -202.131  -261.018
87.5652  -188.733  -276.707
69.5047  -188.012  -275.206
94.9938  -172.863  -270.867
82.9456  -208.788  -258.182
75.2162  -204.291  -251.282
100.198  -186.936  -248.148
80.9152  -177.604  -277.667
61.7161  -177.605  -271.849
98.6175  -178.457  -257.129
89.6523  -159.962  -264.412
82.8781  -210.006  -243.864
67.2278  -200.852  -245.337
91.4934  -196.26  -244.796
91.171  -192.359  -233.789
67.7302  -194.495  -264.95
60.4058  -195.629  -255.117
96.0079  -167.041  -252.012
83.061  -149.594  -259.296
76.8352  -204.746  -235.69
59.0946  -196.058  -239.123
98.0989  -177.584  -240.655
86.2146  -183.868  -225.108
58.2456  -187.18  -261.016
53.4865  -187.147  -250.663
74.8129  -166.279  -274.429
49.0551  -170.723  -276.478
93.3343  -167.776  -234.08
79.7615  -176.006  -215.256
49.9318  -178.616  -255.868
45.297  -181.376  -246.546
67.7525  -152.677  -274.051
42.9387  -159.639  -269.265
89.1364  -157.221  -246.532
74.7327  -141.382  -252.006
69.6123  -198.828  -225.725
54.6902  -185.672  -236.046
59.7349  -143.957  -265.296
35.6944  -151.786  -265.344
84.3712  -145.951  -240.28
77.3702  -139.284  -235.848
63.0188  -191.692  -220.374
48.262  -180.504  -231.629
85.8153  -158.744  -227.796
70.7518  -168.456  -214.346
40.6512  -171.728  -253.057
38.2436  -177.435  -242.467
67.5507  -134.477  -247.583
68.6016  -134.703  -232.54
58.2382  -181.799  -220.987
42.966  -176.964  -228.172
78.8318  -151.921  -223.696
69.7608  -145.87  -219.828
34.2929  -167.474  -249.25
31.8739  -173.835  -237.992
51.8683  -137.166  -260.662
28.3815  -146.8  -256.78
51.3272  -176.446  -218.55
36.3639  -178.73  -224.662
60.0527  -161.292  -215.026
58.6933  -145.109  -218.265
30.6286  -164.377  -246.061
27.6642  -158.689  -238.138
43.8952  -132.696  -252.714
34.8269  -148.643  -244.391
58.9742  -129.342  -242.331
55.2094  -136.245  -228.386
41.1539  -133.131  -245.072
25.9234  -170.777  -230.968
47.2263  -169.441  -216.462
45.9922  -155.958  -217.784
49.545  -134.606  -237.265
