73.4558  -205.195  -272.978
75.8741  -205.65  -261.719
65.841  -207.246  -264.847
62.5861  -200.712  -271.745
70.0223  -194.327  -274.846
76.9913  -195.708  -267.274
77.2943  -205.283  -254.475
68.4187  -209.499  -256.222
56.5246  -195.957  -269.053
59.76  -191.902  -272.808
78.8643  -197.343  -258.852
57.1871  -203.006  -266.267
79.5697  -191.031  -263.253
73.1339  -188.575  -268.67
48.3006  -198.089  -260.177
66.7512  -188.013  -271.716
50.8289  -182.907  -272.437
70.2522  -178.444  -264.437
61.954  -207.493  -259.28
54.8343  -206.403  -251.112
78.442  -189.296  -251.326
61.6457  -177.806  -269.838
44.7315  -173.611  -268.35
77.1132  -182.809  -256.473
68.1102  -169.044  -260.118
64.4475  -209.093  -244.43
47.3709  -203.368  -243.179
77.0417  -198.363  -242.358
70.4867  -189.445  -237.095
47.6896  -190.115  -265.964
40.6539  -193.174  -254.286
73.7438  -175.95  -252.812
65.4456  -159.205  -253.902
60.3863  -203.728  -236.129
43.0239  -196.126  -236.034
77.0202  -182.999  -244.202
70.0621  -185.366  -226.441
40.5884  -182.623  -260.796
35.3019  -185.41  -248.185
57.7605  -166.654  -266.536
37.1974  -165.184  -265.104
70.7477  -175.941  -238.112
64.7642  -179.328  -219.66
32.5441  -175.395  -255.928
31.6194  -177.86  -242.905
53.061  -154.521  -264.256
30.0991  -155.85  -261.747
70.8969  -166.63  -242.737
60.487  -149.489  -247.355
56.654  -202.088  -223.518
41.8615  -185.363  -231.976
47.3439  -145.917  -257.873
24.5759  -148.729  -256.863
66.1965  -154.66  -236.216
60.287  -152.486  -232.685
51.6126  -192.577  -218.808
39.1213  -177.521  -227.336
66.9571  -165.504  -228.602
59.7956  -174.097  -213.908
26.0868  -168.636  -250.793
26.8321  -172.788  -237.336
56.0523  -141.26  -241.934
58.9283  -144.547  -229.124
47.3942  -184.45  -217.405
32.964  -175.435  -222.304
65.0548  -161.257  -223.832
61.4565  -154.376  -217.268
21.799  -163.394  -244.784
22.1188  -170.104  -232.039
41.6642  -137.494  -254.426
22.2644  -146.318  -246.421
41.7656  -176.165  -219.111
28.4659  -175.183  -220.967
51.3391  -167.174  -212.567
48.9778  -150.861  -215.501
23.4858  -162.135  -243.386
22.0808  -159.721  -236.172
34.7305  -132.671  -246.353
24.152  -146.488  -243.539
49.8903  -136.609  -237.602
49.5316  -143.225  -224.977
33.9978  -136.563  -238.469
17.3379  -172.311  -227.139
37.5797  -170.316  -215.112
39.2138  -159.872  -208.068
41.3539  -138.128  -231.507
