88.1619  -231.163  999.995
89.5956  -229.976  1010.61
78.6788  -230.867  1008.85
76.0137  -229.443  999.29
83.975  -220.381  997.788
89.895  -219.263  1003.74
90.1036  -228.11  1018.46
78.6546  -229.724  1015.14
71.3023  -224.498  1002.97
74.7288  -219.967  997.071
93.3798  -219.477  1011.51
73.2619  -225.094  1007.82
90.576  -212.425  1006.4
87.6977  -211.406  1000.35
65.3001  -221.807  1010.82
82.1499  -213.364  995.733
67.4605  -211.026  997.76
85.2587  -198.55  1002.75
75.5348  -227.366  1013.25
69.5688  -226.239  1018.97
97.1268  -208.897  1019.82
77.2005  -202.801  996.738
61.3567  -201.469  998.539
91.655  -200.519  1008.66
84.1981  -186.255  1002.84
73.95  -227.894  1024.49
62.9483  -221.733  1024.13
90.4964  -223.537  1030.07
86.6712  -215.401  1039.35
64.7416  -216.741  1005.93
58.0669  -216.54  1013.9
92.2587  -188.301  1012.17
80.5071  -174.067  1005.59
69.5419  -226.033  1034.34
56.2584  -215.132  1029.58
95.4722  -198.516  1026.73
83.9411  -206.495  1049.54
55.9591  -211.564  1006.77
52.0688  -208.713  1017.62
73.1037  -191.47  997.8
53.967  -192.006  998.887
95.1172  -187.188  1033.54
76.9343  -195.978  1055.85
49.4117  -202.99  1010.74
47.9265  -200.689  1021.09
67.8968  -178.68  996.113
44.9038  -183.713  995.824
91.1025  -175.261  1016.12
75.4012  -163.252  1008.78
64.1567  -218.847  1044.33
50.7536  -209.081  1033.55
61.8202  -168.819  1000.35
39.1897  -175.385  999.487
85.6347  -165.077  1021.18
80.4055  -157.041  1025.72
58.5293  -210.335  1048.42
46.839  -203.314  1036.02
88.7809  -175.761  1038.92
69.334  -186.437  1056.06
42.8906  -194.385  1013.09
41.6764  -196.659  1024.46
68.8874  -157.429  1012.88
70.154  -156.211  1027.53
54.4389  -202.184  1048.3
43.3362  -196.141  1039.11
82.2123  -167.865  1042.34
70.7857  -163.026  1042.96
35.4497  -189.634  1014.57
34.1921  -194.421  1028.54
55.4197  -159.249  1000.32
34.4466  -172.105  1005.15
48.744  -196.349  1049.33
37.2402  -194.87  1039.22
58.9835  -178.997  1051.65
57.3971  -162.716  1041.31
30.6816  -186.088  1018.66
32.8615  -181.786  1023.56
49.1789  -155.125  1007.92
35.417  -170.7  1013.09
62.3621  -151.654  1017.87
58.0142  -155.381  1032.7
46.6695  -157.033  1019.46
28.6457  -192.211  1032.66
44.1751  -187.444  1051.4
46.2875  -173.942  1044.66
53.4972  -152.908  1023.54
