88.6682  -223.009  -224.553
89.2122  -219.417  -215.48
78.7039  -218.909  -216.868
77.6973  -219.346  -224.94
87.7995  -213.486  -232.553
91.0491  -210.694  -223.285
87.5515  -214.947  -210.118
78.5075  -217.981  -212.414
71.372  -216.119  -224.422
75.3715  -215.507  -232.866
92.7726  -209.73  -215.64
72.2821  -217.174  -218.454
93.7785  -203.84  -222.132
92.3553  -204.144  -230.416
64.5066  -213.247  -215.651
84.8308  -207.766  -238.431
65.4904  -207.453  -236.115
89.2214  -191.55  -231.432
73.2706  -219.956  -213.281
69.6997  -213.105  -207.802
95.783  -199.475  -208.835
81.1553  -195.936  -240.728
58.5628  -197.214  -237.23
94.577  -193.19  -220.23
85.1912  -181.416  -227.032
73.9698  -217.051  -202.311
61.7244  -211.429  -203.158
87.0883  -210.131  -200.294
84.2032  -202.803  -192.532
63.0182  -210.444  -221.545
57.0861  -208.197  -212.64
90.33  -182.982  -217.592
82.1312  -170.363  -223.798
68.8599  -212.676  -195.132
55.6627  -204.902  -199.643
91.7604  -189.731  -204.981
80.5207  -194.044  -185.177
55.2909  -204.697  -221.401
49.6758  -202.46  -209.917
73.8795  -186.541  -236.359
52.3765  -187.824  -236.217
89.2552  -179.831  -200.384
74.1309  -185.172  -179.672
47.5674  -197.855  -218.576
45.788  -194.689  -207.034
68.9236  -174.43  -237.437
42.8364  -181.095  -236.682
87.7427  -172.154  -214.863
74.4871  -162.458  -220.342
63.7831  -204.96  -188.84
51.1587  -197.79  -196.269
62.8579  -164.479  -235.008
34.5164  -172.253  -238.385
83.4633  -162.019  -211.198
77.6472  -155.865  -208.56
58.5805  -197.668  -185.041
46.7611  -193.183  -193.848
83.9758  -170.028  -196.091
67.8913  -177.032  -178.408
41.5499  -190.154  -216.062
40.3444  -190.4  -204.144
69.8744  -154.383  -219.724
70.6751  -149.916  -205.702
53.9946  -191.201  -185.977
42.3651  -188.541  -191.391
78.6305  -162.837  -193.218
69.6409  -156.966  -190.842
32.321  -188.071  -215.28
35.5257  -188.12  -200.75
55.4241  -155.07  -234.119
30.4194  -165.001  -224.031
48.7774  -186.64  -182.646
36.146  -187.951  -187.438
58.0215  -170.361  -180.801
57.1982  -156.178  -191.31
30.9734  -180.605  -210.964
29.2594  -179.691  -203.763
49.5986  -152.49  -224.695
35.6616  -166.468  -220.149
62.6607  -148.112  -214.897
57.716  -151.495  -200.836
46.1336  -150.251  -214.52
35.131  -184.814  -196.587
43.2556  -178.29  -183.399
45.8005  -167.091  -187.187
53.8721  -151.903  -208.609
