64.2765  -210.432  -321.079
65.2185  -210.604  -312.832
56.7865  -212.171  -316.709
55.3683  -209.392  -324.925
64.0026  -202.01  -324.287
67.938  -201.983  -315.767
66.9034  -210.863  -306.47
57.8711  -214.468  -309.845
49.6572  -203.847  -321.626
54.4369  -199.857  -326.068
68.7967  -202.767  -309.632
50.0091  -208.473  -318.137
69.7795  -197.157  -311.836
67.7592  -195.118  -317.775
44.7427  -201.529  -313.834
62.9667  -194.49  -325.614
46.0379  -190.276  -328.66
68.4272  -182.991  -314.694
53.3353  -211.932  -312.968
46.1259  -209.567  -307.413
73.0193  -195.403  -300.779
60.0287  -182.98  -325.046
41.2071  -180.153  -325.668
72.361  -187.396  -307.076
66.8269  -172.542  -309.701
53.0388  -213.358  -299.991
40.7712  -203.922  -301.517
66.2412  -206.393  -296.482
64.7774  -200.249  -288.071
43.5089  -196.392  -317.761
38.453  -195.935  -309.534
71.6317  -177.342  -301.381
67.0882  -159.591  -307.119
48.3924  -210.444  -290.532
34.9435  -198.103  -295.135
73.7269  -187.103  -293.134
61.7041  -191.659  -280.513
35.7375  -189.562  -315.246
33.2395  -188.259  -304.626
57.5116  -171.526  -323.02
34.9636  -169.14  -325.801
72.3205  -178.072  -286.019
58.1458  -184.594  -270.743
33.071  -180.116  -308.995
27.6812  -182.454  -300.756
53.8546  -159.456  -319.681
30.7567  -161.071  -317.275
71.7119  -166.888  -295.758
62.073  -150.768  -300.418
43.5345  -205.563  -280.259
29.4206  -191.663  -290.105
49.1796  -148.608  -315
27.4779  -154.888  -311.062
66.7869  -157.951  -290.149
63.9864  -150.797  -285.486
39.9529  -196.543  -275.968
31.4305  -183.658  -288.447
67.0853  -169.098  -280.233
52.6096  -176.869  -266.987
25.8613  -174.296  -305.683
24.0013  -176.748  -297.123
59.3079  -141.009  -297.088
57.2186  -146.691  -283.025
37.4586  -187.85  -275.456
25.0916  -180.697  -284.615
63.0079  -162.244  -275.711
56.5632  -155.446  -271.359
20.6643  -168.676  -302.599
18.4847  -173.492  -293.234
42.9037  -142.164  -308.287
25.2078  -153.551  -305.395
32.796  -181.006  -273.39
21.4861  -178.607  -282.632
44.258  -167.947  -267.795
47.207  -154.615  -272.779
15.613  -164.555  -300.083
17.0414  -159.283  -290.791
37.6315  -140.179  -299.971
25.3413  -150.894  -301.326
50.3802  -140.616  -290.879
45.2207  -144.293  -282.831
35.9557  -139.581  -296.171
12.1912  -170.623  -286.853
30.5273  -173.155  -272.133
31.3456  -159.017  -273.405
43.7486  -140.759  -288.463
