110.683  -210.321  -250.67
107.907  -209.079  -238.908
99.678  -210.575  -244.856
98.9788  -206.504  -253.931
111.329  -201.003  -259.78
115.288  -201.484  -244.009
105.276  -206.825  -233.63
98.885  -212.472  -236.055
90.043  -203.775  -257.644
97.0513  -198.87  -261.415
111.337  -202.247  -234.558
91.3044  -209.241  -250.407
115.857  -195.545  -238.946
116.006  -190.184  -251.103
80.3303  -204.973  -247.263
106.32  -191.091  -261.203
86.6287  -189.663  -265.648
112.205  -177.156  -247.697
93.9468  -212.834  -241.479
84.647  -210.88  -235.594
109.345  -194.792  -225.316
100.605  -180.259  -262.211
78.5704  -181.786  -265.94
112.397  -186.872  -233.298
107.462  -167.392  -242.297
90.7161  -210.622  -227.728
75.8511  -207.485  -230.261
101.475  -202.599  -222.534
94.9325  -194.928  -212.971
78.1993  -198.888  -257.813
71.2613  -199.56  -243.735
109.182  -178.268  -227.511
101.259  -157.671  -237.778
84.6753  -208.636  -220.406
70.4591  -199.18  -225.997
106.058  -187.556  -218.225
88.2205  -188.131  -207.207
70.561  -191.739  -253.855
62.4861  -193.839  -239.628
96.5645  -173.006  -261.124
70.0097  -173.349  -263.43
100.993  -183.651  -212.306
79.7376  -182.171  -204.937
61.1734  -183.731  -250.073
54.8476  -188.383  -235.814
85.9508  -158.12  -257.561
58.4111  -162.307  -258.425
104.53  -169.358  -222.301
93.1853  -147.855  -230.632
77.0205  -199.867  -215.438
62.2515  -194.043  -220.878
76.8343  -145.651  -250.739
53.6468  -156.697  -254.721
96.5287  -160.999  -215.426
88.7864  -156.836  -212.489
69.8229  -193.745  -210.005
55.6805  -190.308  -217.706
93.326  -174.773  -207.703
72.9361  -179.394  -201.736
51.0368  -178.907  -249.064
47.4926  -186.796  -232.9
82.8862  -142.247  -227.512
80.3467  -153.608  -210.908
64.5157  -189.879  -208.993
49.2063  -188.508  -214.733
83.1357  -169.003  -205.766
77.7863  -165.184  -201.145
42.3572  -175.898  -247.45
39.5905  -182.544  -230.076
67.8717  -140.526  -246.302
45.0911  -154.23  -245.591
58.0068  -187.449  -207.716
45.5936  -190.417  -214.353
65.699  -175.707  -206.266
65.5241  -163.759  -204.334
39.2248  -171.784  -239.884
39.4647  -167.949  -224.769
59.7942  -142.921  -237.452
44.5715  -156.573  -234.482
72.8437  -145.474  -222.768
67.5208  -155.607  -210.718
57.1942  -145.232  -231.447
35.837  -182.718  -225.119
52.3359  -181.567  -205.334
53.0544  -171.204  -207.61
63.0468  -150.002  -220.63
