75.2349  -203.949  -296.471
77.738  -200.371  -284.981
69.2917  -205.422  -288.614
64.1002  -204.783  -299.071
70.6119  -199.603  -305.396
78.529  -195.393  -294.93
79.2792  -197.196  -277.435
72.4113  -203.78  -278.203
56.4657  -200.028  -299.602
58.9282  -198.454  -304.979
81.1697  -193.025  -284.82
59.3398  -205.323  -292.509
80.6248  -189.084  -293.39
74.7976  -191.77  -304.569
50.1192  -199.676  -288.565
65.0358  -194.11  -309.688
49.0823  -190.624  -305.49
70.9728  -181.655  -307.925
65.3439  -204.993  -283.059
58.0099  -204.736  -274.726
83.0592  -182.539  -277.02
57.3239  -184.857  -311.666
41.5698  -182.771  -304.134
83.7508  -177.831  -293.103
66.322  -170.361  -308.197
68.1407  -198.761  -267.51
49.953  -198.186  -268.729
77.1894  -189.529  -268.051
74.1913  -182.484  -261.047
45.6884  -196.483  -299.668
40.4306  -195.284  -285.302
79.3335  -166.292  -289.022
60.1111  -158.434  -306.277
63.5942  -194.757  -257.493
42.9227  -191.004  -263.005
78.7793  -173.675  -270.756
69.1205  -173.726  -254.989
40.0253  -187.527  -296.174
34.1927  -187.045  -281.676
50.0757  -175.583  -310.243
33.7167  -174.492  -302.345
74.6476  -164.229  -266.109
62.4675  -165.786  -249.622
30.916  -180.486  -294.12
27.3568  -180.811  -278.858
41.4844  -165.737  -311.53
25.0619  -167.633  -300.348
74.4958  -155.506  -286.307
52.7493  -147.556  -299.316
57.1253  -185.16  -254.091
38.1856  -182.55  -261.91
34.6268  -156.726  -306.917
16.5717  -162.986  -300.812
66.7912  -146.168  -281.342
58.2416  -138.525  -277.342
51.2871  -178.796  -248.405
35.5266  -175.459  -261.967
68.5582  -154.526  -261.541
54.7126  -161.221  -249.857
22.2313  -172.197  -291.604
20.9855  -178.332  -275.118
45.3538  -140.877  -296.131
46.4014  -137.026  -274.442
46.2044  -170.382  -252.081
31.0445  -174.008  -258.787
62.2742  -148.305  -258.79
51.2364  -142.984  -256.09
15.6109  -168.474  -287.816
15.2716  -173.674  -271.965
26.9546  -149.33  -304.972
14.7211  -157.95  -292.837
39.1656  -167.285  -246.752
28.73  -173.371  -257.75
46.0885  -156.897  -251.092
37.5976  -143.604  -258.824
10.6727  -166.617  -285.202
11.8706  -162.692  -278.643
21.9936  -147.07  -295.885
13.0409  -155.646  -287.907
34.837  -134.601  -289.578
35.8826  -140.383  -273.421
22.7974  -145.692  -288.048
12.4127  -175.315  -267.492
30.8918  -160.809  -249.403
28.244  -153.128  -256.108
31.0312  -139.986  -286.437
