64.9207  -221.303  -340.461
68.645  -222.597  -327.874
55.9655  -225.931  -330.698
53.1981  -217.944  -340.272
60.6841  -209.207  -344.384
69.3153  -209.449  -338.218
71.4982  -222.164  -317.094
57.9839  -227.193  -318.907
45.8931  -213.983  -338.716
50.7008  -208.461  -343.962
72.6652  -210.566  -327.181
46.8718  -219.773  -332.317
69.1625  -202.586  -334.495
64.2085  -201.221  -341.012
38.0505  -214.069  -326.003
58.5682  -202.316  -345.516
39.3738  -201.573  -349.423
61.5851  -188.442  -339.726
50.6863  -223.716  -323.048
43.2796  -220.4  -313.63
77.1023  -200.654  -317.36
53.5911  -191.273  -348.366
33.3501  -190.427  -345.663
70.88  -190.974  -332.133
58.2357  -177.47  -336.04
51.5272  -224.588  -304.916
36.1775  -214.354  -306.855
69.3935  -216.65  -302.955
66.3052  -208.242  -292.833
36.949  -206.48  -335.496
30.0296  -207.951  -320.602
68.1281  -179.747  -328.006
54.9271  -166.127  -333.747
45.7943  -217.824  -296.031
29.7446  -207.069  -300.542
76.7192  -190.417  -308.369
61.6034  -198.623  -283.481
28.9133  -199.787  -331.376
22.518  -200.95  -315.199
48.2703  -180.543  -344.545
26.3764  -180.34  -341.941
73.2427  -179.25  -301.086
53.7521  -188.748  -276.084
22.6206  -191.086  -325.7
15.6136  -194.935  -310.395
42.364  -168.659  -342.777
17.6437  -172.019  -340.661
67.684  -167.183  -323.691
48.6865  -156.751  -329.345
40.0586  -208.837  -288.763
24.5756  -199.318  -295.534
35.5548  -158.549  -339.785
12.3991  -165.175  -334.479
63.0815  -156.045  -316.638
56.8147  -148.257  -311.621
35.1502  -200.677  -283.633
20.0831  -193.652  -291.777
66.7143  -168.591  -293.118
45.1665  -180.83  -274.683
12.8095  -184.854  -323.261
10.1948  -189.841  -305.719
43.9325  -147.602  -325.668
47.1172  -142.515  -306.569
29.2996  -193.295  -282.084
13.7869  -191.778  -287.192
59.471  -160.807  -288.888
48.815  -152.409  -282.549
8.75265  -180.104  -318.154
3.77996  -186.369  -300.566
27.936  -149.307  -338.549
8.24153  -161.013  -324.968
23.2646  -188.639  -279.156
10.2153  -188.511  -286.1
34.0842  -174.171  -277.944
33.9392  -153.946  -284.763
7.25961  -176.369  -312.246
3.84065  -173.889  -306.386
20.6067  -144.497  -329.277
12.3223  -163.158  -323.073
36.3623  -140.997  -320.05
35.4048  -145.068  -299.91
19.8966  -149.636  -318.054
0.765423  -183.882  -294.645
19.5074  -181.691  -278.549
21.1949  -169.235  -280.193
27.5416  -145.51  -312.381
