78.9376  -212.96  -202.078
81.5179  -212.776  -192.206
68.6648  -216.771  -195.6
67.7746  -210.677  -203.739
76.9028  -203.155  -205.756
81.4829  -201.022  -199.025
82.0002  -210.398  -184.041
70.5251  -218.234  -185.596
59.8461  -206.541  -203.083
66.1857  -202.214  -208.508
84.1644  -200.924  -191.692
60.5456  -210.304  -197.612
84.2126  -195.223  -196.572
81.0431  -194.216  -200.819
49.6769  -205.963  -194.434
75.2726  -196.272  -205.53
58.337  -192.414  -207.839
80.1373  -182.221  -197.426
62.36  -215.511  -190.337
54.4798  -209.616  -183.525
88.7962  -190.661  -185.298
70.8495  -185.679  -205.815
52.046  -182.073  -209.18
82.9692  -183.371  -194.671
78.3908  -171.121  -194.467
63.7184  -216.424  -172.835
43.1753  -207.364  -177.269
80.4532  -203.5  -173.675
78.6172  -195.729  -164.012
50.6632  -198.911  -200.954
40.7625  -199.132  -191.295
80.6155  -174.55  -191.115
77.2073  -159.899  -193.195
58.4988  -211.574  -159.201
34.9596  -200.521  -170.775
85.9759  -180.45  -179.947
77.1282  -185.366  -155.246
42.4325  -191.582  -200.114
36.168  -188.715  -187.594
68.267  -174.09  -204.405
44.3599  -171.805  -209.94
84.4147  -170.232  -174.743
70.6934  -174.656  -146.356
34.3794  -182.275  -196.334
31.2267  -179.662  -184.784
63.0977  -161.335  -207.02
40.5068  -165.161  -206.158
81.2952  -163.953  -189.654
73.1194  -149.374  -193.546
51.227  -201.702  -150.743
29.5618  -190.835  -168.34
56.6322  -150.896  -203.546
33.9907  -155.09  -204.156
76.8934  -151.917  -185.414
71.8928  -145.527  -184.296
46.2491  -191.918  -148.867
32.0658  -181.655  -167.953
79.3832  -159.485  -170.439
62.9715  -164.012  -144.902
30.3862  -173.037  -191.754
26.0878  -173.7  -181.199
68.093  -139.161  -193.279
67.638  -138.366  -181.232
41.6861  -181.668  -147.495
25.3513  -177.437  -164.956
77.337  -149.735  -165.626
67.6171  -142.056  -162.594
25.1501  -167.189  -189.735
18.7999  -172.125  -178.935
51.9722  -145.236  -205.649
28.7128  -151.751  -200.769
37.903  -173.038  -154.517
23.8931  -174.075  -165.403
50.7647  -154.343  -147.682
52.0421  -140.04  -164.977
23.1002  -164.45  -188.117
21.2813  -158.722  -180.418
46.4628  -138.899  -204.336
30.2523  -149.792  -199.458
60.9706  -130.956  -191.06
54.0365  -132.784  -174.706
46.3202  -135.282  -196.056
15.4155  -171.799  -172.707
30.8039  -163.017  -152.83
38.2919  -149.751  -158.139
48.4993  -132.906  -183.89
