89.6523  -168.431  -258
91.5291  -168.594  -249.602
83.4554  -174.675  -252.905
80.6138  -171.227  -261.353
85.8329  -160.618  -261.488
91.0188  -159.258  -254.785
94.1192  -168.801  -241.871
85.4754  -175.689  -244.599
73.4032  -167.986  -257.144
76.1978  -161.913  -260.986
94.0406  -159.542  -247.481
74.9398  -173.258  -253.894
90.6309  -153.641  -251.504
86.172  -153.188  -256.43
65.5445  -170.142  -248.195
80.893  -155.545  -258.618
65.1112  -155.917  -261.96
81.6587  -142.706  -252.3
78.9909  -175  -247.778
71.2783  -174.182  -240.532
94.5125  -150.472  -238.088
74.8072  -146.278  -259.067
55.94  -148.529  -259.399
88.4002  -143.376  -246.843
76.6802  -132.89  -248.561
79.4917  -175.664  -233.689
63.0456  -171.688  -233.734
90.3618  -164.127  -231.691
85.706  -158.97  -222.117
63.2651  -163.771  -253.276
56.995  -165.999  -242.878
84.8362  -134.11  -241.118
71.8031  -121.845  -244.972
73.462  -171.345  -224.876
56.1275  -165.917  -227.498
90.0797  -142.679  -230.41
80.2008  -151.811  -212.943
54.0528  -159.194  -250.05
49.3238  -160.554  -237.429
67.3887  -137.009  -256.895
47.7732  -141.299  -255.178
83.9232  -134.571  -223.754
70.5881  -145.253  -207.541
46.7471  -152.985  -243.048
43.4183  -155.409  -232.042
58.0594  -126.791  -255.859
38.1031  -136.393  -251.496
79.5487  -124.659  -234.878
63.6111  -114.402  -238.66
66.0701  -165.879  -216.972
49.2953  -161.394  -222.217
50.4338  -117.651  -250.875
31.6247  -130.692  -246.086
71.8974  -117.394  -228.616
65.2083  -112.446  -223.366
59.4609  -159.14  -212.624
44.7069  -156.567  -218.838
76.3681  -127.181  -216.337
63.1172  -139.798  -202.853
39.484  -148.712  -237.371
36.3455  -153.049  -228.109
56.331  -109.772  -233.636
57.0786  -110.307  -219.244
53.236  -154.341  -209.266
38.9902  -155.873  -214.613
68.8719  -122.362  -211.812
58.5558  -120.212  -209.638
31.7191  -145.863  -234.597
29.6601  -151.22  -223.24
42.3338  -113.112  -244.209
26.362  -127.87  -236.766
46.4987  -150  -206.489
33.5984  -154.009  -211.566
52.2693  -134.904  -202.698
46.2623  -120.394  -207.838
25.3505  -142.392  -229.358
23.4014  -136.627  -218.683
36.4051  -112.771  -235.27
31.4667  -122.811  -227.473
48.655  -109.329  -227.266
47.2282  -113.304  -216.605
38.1797  -114.022  -228.797
24.4714  -150.049  -218.244
38.8672  -143.91  -203.636
38.1421  -132.237  -204.988
41.6611  -112.08  -222.6
