85.7483  -201.384  -235.565
85.4487  -198.444  -223.039
74.0958  -205.049  -225.848
71.5385  -200.854  -232.13
78.6112  -191.13  -231.872
85.7848  -191.924  -229.599
85.5457  -198.639  -210.805
77.1283  -203.927  -217.576
64.6564  -194.507  -227.85
73.3324  -189.847  -233.559
89.3831  -192.154  -224.939
70.064  -202.673  -225.502
83.6524  -184.089  -228.251
78.9724  -188.154  -232.065
62.4713  -201.297  -218.61
73.6526  -184.43  -232.2
63.5451  -190.297  -231.583
75.325  -177.298  -231.766
71.1434  -203.7  -219.939
63.8823  -199.386  -211.946
89.9952  -180.349  -210.405
72.9259  -181.792  -233.2
53.4122  -182.041  -227.76
85.6991  -179.669  -225.698
70.2664  -169.075  -226.854
71.8083  -204.924  -206.569
53.1228  -194.365  -204.565
84.8503  -197.65  -204.024
78.4411  -192.594  -187.481
60.7265  -192.106  -225.348
52.9694  -194.065  -211.665
80.0386  -163.666  -219.034
65.0704  -159.499  -224.405
69.1061  -199.08  -191.708
49.2696  -190.879  -197.887
89.3577  -176.415  -205.32
73.6143  -186.524  -176.828
48.9846  -185.28  -220.382
49.2957  -187.934  -205.986
62.4077  -169.412  -230.726
44.2967  -175.171  -225.022
85.8036  -167.168  -199.482
65.7042  -178.295  -171.034
43.464  -182.069  -221.725
39.1229  -182.141  -199.782
55.4761  -160.409  -231.592
32.9989  -170.741  -227.319
72.7316  -155.075  -213.238
61.1423  -147.517  -221.584
58.997  -196.142  -187.438
42.0109  -185.156  -194.432
46.6418  -151.128  -226.614
22.9724  -162.245  -228.878
70.3792  -151.373  -208.963
64.0872  -140.47  -198.377
52.301  -187.028  -183.482
36.4244  -181.381  -189.82
77.9141  -152.105  -193.894
57.2454  -165.078  -169.184
34.7378  -177.126  -217.633
32.0455  -179.836  -194.984
52.8581  -138.839  -219.492
55.9655  -136.461  -195.802
48.2986  -176.699  -178.481
31.1941  -179.852  -186.594
69.3359  -144.207  -188.896
56.4866  -140.521  -184.302
24.0831  -170.585  -206.977
24.1089  -176.903  -191.609
36.584  -141.34  -224.379
18.2042  -159.204  -215.429
41.4062  -172.185  -175.182
26.7385  -176.796  -182.355
44.3849  -161.134  -172.002
46.592  -146.009  -186.057
21.9541  -166.769  -204.132
23.4632  -161.745  -199.65
32.3367  -141.201  -217.035
20.7483  -158.084  -207.924
42.1078  -132.81  -205.563
45.1077  -143.252  -189.849
36.1241  -141.808  -206.963
18.6603  -176.504  -183.539
33.7733  -173.033  -172.337
35.6988  -162.799  -176.391
38.7937  -141.112  -203.049
