79.8783  -217.442  886.607
80.2677  -213.571  896.097
71.1708  -220.147  894.944
67.2132  -218.818  884.507
75.9714  -211.154  875.381
85.6806  -207.644  884.739
80.4926  -210.746  901.84
72.7531  -217.147  902.777
56.2126  -215.895  884.499
62.0952  -210.733  876.883
84.7693  -204.825  894.568
60.6834  -217.888  892.303
86.2223  -198.783  885.74
82.1058  -199.256  876.081
49.0555  -214.064  896.209
70.1647  -205.226  871.246
47.8062  -203.671  872.752
72.395  -187.644  874.642
65.7827  -219.703  900.279
57.012  -216.966  907.049
85.4795  -194.312  900.14
62.3668  -195.382  865.363
38.3676  -196.412  872.245
85.1533  -187.116  884.652
66.7917  -175.869  874.95
66.6833  -214.001  912.281
47.807  -212.003  912.017
78.7857  -204.708  910.456
74.4371  -197.375  916.081
44.1146  -210.263  885.891
38.9558  -208.277  899.143
78.2625  -176.751  887.446
60.3884  -165.295  874.012
60.4397  -209.441  919.439
40.4614  -203.85  914.999
80.8321  -184.724  903.887
71.7205  -188.757  926.335
34.6466  -202.673  887.852
30.7368  -200.415  901.751
51.8613  -181.886  866.018
27.7098  -186.264  871.675
76.3252  -174.689  907.358
62.0536  -179.428  929.989
23.9348  -195.724  888.971
22.5641  -195.026  904.266
43.6016  -172.188  869.061
17.5328  -177.626  873.872
71.4612  -165.799  889.297
51.4132  -155.016  877.838
52.8497  -202.726  926.872
34.0823  -196.25  916.493
34.2071  -163.353  870.534
9.30668  -170.388  876.914
66.6028  -153.025  891.294
57.5014  -144.991  893.323
45.0964  -194.867  929.037
27.4213  -192.21  918.829
71.7677  -162.871  912.629
52.4769  -171.023  933.264
12.729  -191.27  890.557
16.6134  -190.559  906.487
41.7038  -148.964  880.884
44.4467  -139.186  895.845
38.8936  -187.987  927.781
21.2284  -188.927  921.537
63.5509  -155.516  914.082
49.4486  -145.069  919.075
6.22809  -185.807  893.766
7.92874  -187.259  910.185
23.608  -154.301  872.94
6.74287  -166.489  886.639
31.6409  -182.173  924.292
17.5843  -186.939  921.91
38.5321  -165.322  930.618
33.6469  -154.491  914.952
5.65945  -178.701  898.527
6.34976  -176.524  903.733
17.608  -152.713  882.315
10.8115  -163.57  889.647
31.0745  -143.473  886.375
31.6449  -145.328  906.02
13.9902  -156.653  887.837
9.5528  -187.615  915.882
22.271  -176.256  926.514
23.8336  -164.284  922.977
21.2465  -147.91  890.701
