92.3371  -204.799  -219.696
95.7096  -205.171  -209.235
86.3549  -208.437  -217.361
83.354  -201.876  -222.496
90.8919  -198.932  -224.882
96.475  -197.216  -214.845
94.6624  -202.501  -202.843
88.2883  -209.344  -207.85
78.3108  -199.136  -222.475
79.1189  -197.735  -223.058
96.8852  -196.137  -206.051
79.1574  -202.93  -220.388
97.9478  -191.934  -210.337
94.8074  -191.377  -218.782
71.199  -200.898  -219.562
87.5191  -193.558  -224.672
73.0379  -191.868  -225.567
93.3544  -180.411  -216.959
81.9065  -209.221  -214.232
73.4654  -209.583  -208.601
96.3824  -187.495  -196.847
84.2093  -184.221  -225.853
68.1913  -183.901  -225.962
96.4764  -182.512  -205.117
92.3791  -169.981  -214.769
83.3519  -208.972  -197.504
65.1619  -205.865  -203.466
93.4035  -196.251  -193.039
93.0401  -187.6  -187.397
70.8906  -194.347  -223.032
65.1628  -194.349  -218.843
96.3962  -173.329  -199.523
89.8323  -158.244  -212.394
78.1129  -207.128  -186.154
58.8108  -200.495  -197.536
92.2624  -178.613  -190.881
86.9378  -180.658  -181.52
66.0521  -188.575  -220.828
56.6615  -191.085  -214.34
80.7582  -174.091  -226.794
61.6283  -176.348  -224.888
91.8775  -171.143  -184.657
83.2635  -171.706  -178.216
58.0639  -183.744  -216.975
53.1701  -183.534  -212.006
76.4382  -163.475  -227.747
55.6586  -167.24  -224.029
95.0597  -163.062  -194.454
84.3  -148.341  -208.117
71.7395  -199.544  -179.662
54.3092  -193.481  -195.072
70.0782  -153.454  -223.314
49.4616  -162.446  -224.569
90.0774  -154.349  -189.841
86.8307  -147.423  -186.59
67.2876  -190.986  -176.713
51.4153  -188.077  -193.186
86.2513  -164.63  -180.532
76.4779  -169.384  -172.22
51.3328  -177.521  -216.355
47.0552  -180.936  -209.513
78.7713  -141.077  -206.019
78.6265  -140.324  -183.969
62.913  -184.77  -174.017
48.2963  -183.639  -191.264
82.8896  -158.684  -177.121
76.8895  -154.516  -176.593
46.4473  -173.855  -217.381
42.0356  -177.168  -205.445
63.8791  -145.98  -221.587
43.8245  -157.682  -219.3
59.0997  -176.84  -178.264
42.7151  -177.974  -188.431
68.095  -163.553  -171.156
64.6279  -153.715  -180.601
43.8538  -170.259  -214.163
39.2531  -162.798  -204.722
56.6327  -142.288  -215.749
43.6709  -154.611  -209.386
69.1004  -137.561  -199.439
65.2763  -143.804  -185.275
53.9048  -144.912  -204.748
35.951  -172.309  -199.706
52.7698  -169.845  -178.957
55.5406  -158.717  -178.344
60.4769  -140.89  -196.509
