78.1838  -240.499  -217.87
80.4223  -238.927  -208.424
69.6953  -244.432  -209.433
67.2477  -241.373  -218.928
75.49  -232.349  -224.288
82.6272  -230.485  -218.006
83.1671  -237.451  -199.559
71.0648  -241.478  -200.757
59.8661  -235.874  -216
63.1582  -233.874  -227.804
86.8315  -229.715  -209.837
61.5334  -239.084  -210.01
83.9375  -223.054  -217.052
78.7156  -222.844  -222.403
52.1149  -232.849  -204.548
72.3228  -225.152  -225.893
54.6741  -222.707  -223.321
76.5024  -209.425  -222.074
64.8062  -240.561  -203.115
56.8413  -237.014  -194.996
89.1552  -217.544  -202.105
66.2379  -214.305  -224.747
47.1973  -212.414  -221.699
84.6454  -210.932  -216.327
72.288  -198.024  -220.508
65.6856  -238.441  -188.14
47.703  -232.067  -188.266
82.9211  -231.357  -187.735
78.3262  -221.557  -179.055
50.6341  -228.063  -212.173
43.7919  -225.69  -200.131
80.348  -199.445  -212.648
67.4484  -185.899  -218.189
60.3403  -230.965  -179.321
39.8039  -225.249  -181.775
90.5449  -206.083  -195.228
75.6492  -211.108  -167.922
40.7626  -221.666  -210.11
35.8601  -217.696  -195.357
60.5912  -202.829  -224.713
37.4623  -202.725  -221.772
84.1196  -194.11  -190.697
65.7978  -199.456  -164.272
35.1167  -210.672  -204.449
30.099  -209.782  -191.675
54.178  -190.711  -223.592
27.447  -194.724  -223.172
77.0544  -186.632  -209.876
60.3864  -175.37  -214.513
53.5777  -225.417  -167.645
34.1884  -216.205  -178.44
46.3917  -179.864  -221.545
20.2552  -185.166  -219.276
70.7558  -175.739  -204.329
65.277  -166.407  -200.592
47.4562  -216.36  -162.611
31.4672  -208.6  -176.393
78.469  -180.835  -184.303
58.154  -189.304  -162.144
24.5667  -204.45  -202.882
24.3807  -204.09  -187.947
54.1667  -166.25  -212.661
55.4862  -161.096  -196.816
41.1257  -206.603  -162.823
28.702  -200.497  -174.895
69.2947  -173.242  -181.545
57.7581  -165.539  -177.771
20.0576  -197.875  -198.152
15.112  -201.719  -183.365
38.8784  -171.425  -219.222
19.8536  -179.153  -205.828
35.8413  -198.532  -166.765
21.0756  -196.904  -170.452
44.8549  -181.328  -164.159
41.4991  -167.757  -178.942
14.6932  -192.021  -193.289
14.5196  -187.739  -189.152
31.6858  -164.713  -213.485
21.3431  -176.183  -197.833
46.2204  -159.468  -206.257
41.6396  -162.179  -189.204
27.8079  -167.312  -206.491
15.3958  -195.791  -179.601
28.5354  -189.857  -165.625
29.6931  -177.766  -171.006
38.7079  -161.031  -201.544
