81.4837  -205.636  1067.56
81.2091  -203.291  1077
74.1764  -208.322  1074.72
71.0685  -207.896  1064.75
78.8555  -197.475  1060.71
84.576  -196.899  1069.24
82.575  -202.186  1083.61
75.6459  -207.112  1082.96
63.7293  -202.348  1066.42
67.9827  -198.018  1059.48
86.3291  -196.355  1077.59
66.0052  -206.932  1072.75
86.1736  -190.222  1070.87
81.3225  -189.061  1065.36
56.422  -202.753  1077.45
75.3174  -190.249  1059.3
58.9835  -189.206  1062.28
77.989  -177.479  1063.97
70.0647  -208.406  1080.05
62.4764  -206.862  1087.57
87.6485  -187.012  1085.31
69.4238  -180.97  1059.8
52.5848  -180.209  1065.21
87.089  -180.019  1073.63
73.5911  -167.41  1067.33
71.3619  -207.064  1094.69
53.5446  -202.476  1094.01
81.1123  -196.798  1093.4
79.0942  -190.956  1103.18
54.8374  -196.103  1069.55
49.6436  -195.168  1082.29
82.2413  -169.679  1077.6
67.8911  -157.844  1072.23
66.644  -201.658  1104.25
47.9209  -195.051  1100.02
87.3303  -177.75  1092.26
74.4652  -182.517  1111.11
47.5039  -189.113  1072.76
42.8106  -188.135  1086.73
62.7694  -171.972  1062.96
44.3024  -171.964  1066.59
84.0665  -167.563  1098.35
68.1503  -174.116  1118.64
40.5425  -181.377  1077.27
37.888  -181.173  1090.44
56.2304  -161.322  1065.48
35.9731  -164.376  1067.14
79.1812  -158.008  1081.77
60.6878  -150.02  1077.53
59.8577  -195.907  1113.08
42.6953  -187.174  1103.64
49.6133  -151.751  1067.7
28.7468  -157.587  1069.26
73.6378  -148.147  1087.15
67.0834  -141.094  1091.75
54.4743  -185.861  1114.27
42.0467  -179.052  1104.86
78.6188  -156.391  1104.48
61.9802  -165.587  1122.41
33.8464  -174.33  1080.96
33.2364  -175.944  1094.03
55.8812  -141.23  1079.16
58.2605  -135.156  1095.84
47.9496  -178.616  1115.52
41.0806  -177.225  1105.42
71.4762  -149.033  1108.1
61.2118  -141.147  1112.68
27.2266  -169.438  1083.68
27.4725  -171.953  1098.3
42.9976  -145.007  1071.32
22.3844  -151.488  1077
44.7459  -171.892  1113.62
32.2039  -171.846  1110.14
50.9181  -159.941  1119.05
46.6448  -143.922  1110.41
21.2538  -164.534  1087.96
23.9748  -164.426  1094.42
36.4981  -139.697  1076.67
27.9259  -145.844  1082.32
48.5881  -134.733  1085
45.3208  -139.978  1100
34.3397  -140.292  1087.26
24.3732  -170.279  1103.48
37.4875  -165.181  1116.08
37.8125  -153.92  1116.11
40.6653  -138.122  1091.52
