66.4265  -219.409  -252.358
67.7706  -217.81  -240.851
57.3523  -223.468  -245.732
54.9826  -216.93  -252.934
62.6875  -210.111  -257.699
67.3675  -208.615  -246.761
66.0881  -213.268  -233.817
59.3269  -222.836  -235.22
48.362  -213.269  -248.521
48.5428  -208.509  -252.176
67.5215  -206.899  -239.849
49.1035  -217.004  -247.583
68.8368  -203.459  -241.725
64.6384  -202.938  -249.699
39.8762  -211.877  -242.54
59.2686  -204.262  -253.929
44.6666  -197.797  -253.184
61.6447  -192.169  -247.715
51.4066  -222.45  -241.17
43.9682  -218.029  -233.723
69.5333  -197.575  -230.994
52.2076  -194.887  -253.565
37.4863  -192.308  -250.707
68.154  -192.972  -237.853
57.6415  -182.089  -243.698
53.7865  -220.865  -223.309
34.8118  -214.908  -226.467
65.7003  -207.655  -222.455
61.4011  -199.638  -216.68
40.1254  -202.893  -249.408
29.5313  -208.107  -239.651
65.4069  -184.074  -235.269
54.3763  -170.588  -241.104
48.322  -215.051  -215.859
25.666  -210.739  -218.394
67.9286  -189.805  -224.354
58.6834  -191.468  -206.023
30.1397  -194.871  -245.513
24.2849  -198.933  -234.276
47.3397  -184.099  -251.731
28.5771  -182.435  -250.018
61.1858  -179.675  -220.364
51.7696  -184.383  -199.736
19.9013  -187.898  -242.932
17.2972  -192.452  -230.188
40.6485  -173.495  -249.107
18.589  -175.807  -252.11
58.7619  -173.571  -229.169
46.4478  -161.964  -235.648
42.3017  -209.907  -201.569
22.3575  -200.394  -216.248
34.3862  -163.188  -247.921
12.2357  -168.358  -248.357
55.774  -161.409  -224.422
50.3875  -156.414  -221.477
33.9389  -198.471  -197.722
18.4489  -194.817  -214.148
58.4668  -169.956  -211.104
45.3362  -177.686  -193.137
12.4972  -180.243  -238.252
11.7726  -187.9  -227.046
41.4459  -153.302  -233.117
43.4783  -152.071  -219.121
29.2189  -192.453  -198.89
14.3204  -188.753  -211.72
51.0227  -165.574  -209.571
44.6071  -158.111  -204.749
9.01566  -176.16  -232.529
4.91903  -183.921  -223.206
27.6759  -155.829  -245.26
7.36682  -163.54  -240.941
23.7041  -185.68  -199.367
8.58511  -187.754  -209.075
34.0147  -170.554  -196.575
31.6543  -156.391  -204.774
4.81185  -174.998  -231.087
0.469468  -168.916  -222.723
20.6121  -150.571  -240.122
8.36825  -163.035  -236.448
34.7249  -147.193  -229.972
32.4931  -150.895  -216.033
21.0493  -151.693  -233.018
4.81531  -180.51  -220.925
20.5567  -177.891  -200.997
21.0659  -166.475  -201.772
24.8411  -148.709  -224.792
