80.8823  -247.712  -317.801
76.1665  -246.901  -303.635
67.203  -249.032  -311.203
66.6373  -241.462  -319.331
74.8021  -233.848  -320.119
81.9044  -235.847  -308.855
75.9157  -247.262  -294.344
67.3175  -252.568  -301.218
61.0827  -235.804  -315.615
62.0902  -231.462  -316.998
82.0379  -238.074  -297.793
60.6215  -241.235  -314.205
84.7056  -228.435  -303.425
79.1696  -225.227  -312.467
49.6423  -239.659  -313.413
71.7145  -225.869  -317.679
56.5349  -221.148  -320.436
78.8847  -209.725  -310.23
61.9812  -249.995  -307.12
51.3676  -250.178  -301.796
79.9057  -228.135  -285.226
65.7433  -213.928  -317.02
51.0306  -210.91  -315.121
84.1558  -216.352  -295.56
75.8394  -196.807  -304.583
59.5508  -252.181  -289.705
38.2907  -247.853  -296.111
71.6802  -241.551  -281.91
67.6461  -234.323  -272.252
51.432  -229.453  -318.536
40.3977  -232.871  -310.597
80.9945  -203.888  -287.811
73.6429  -180.83  -299.716
52.6085  -247.662  -279.364
29.0068  -241.631  -287.806
75.4781  -217.85  -276.272
61.6324  -224.352  -264.146
46.3743  -220.76  -312.9
33.6131  -223.775  -305.507
61.9796  -201.2  -314.898
43.8623  -200.117  -314.669
73.1343  -207.559  -266.812
54.7232  -215.873  -255.384
34.8983  -213.079  -312.064
30.0167  -214.165  -300.613
57.8239  -185.45  -312.738
35.4434  -188.378  -318.086
78.021  -190.532  -279.839
67.0494  -168.437  -292.246
44.7192  -240.03  -269.429
27.2558  -229.533  -283.97
51.3077  -173.308  -308.833
28.0089  -178.778  -316.204
67.1111  -181.71  -274.589
61.6229  -173.768  -270.398
40.8832  -227.184  -267.712
26.997  -220.054  -280.395
64.9078  -197.612  -261.008
47.8769  -207.573  -254.613
26.3963  -203.853  -311.048
22.0515  -210.266  -297.203
59.2617  -160.25  -287.993
52.7917  -170.68  -270.299
38.0357  -215.78  -271.006
24.4098  -212.384  -278.454
59.6578  -189.348  -256.228
50.5495  -183.08  -255.48
19.9601  -198.088  -308.807
17.1264  -204.536  -292.692
44.0173  -165.381  -304.513
20.7727  -173.736  -307.621
29.8861  -213.853  -263.422
19.8488  -213.345  -274.584
40.2973  -198.697  -256.58
37.067  -179.834  -261.47
14.818  -192.529  -303.609
14.3476  -186.823  -287.818
35.7857  -160.177  -298.274
20.4686  -171.974  -299.129
47.5036  -160.565  -281.979
44.116  -173.502  -273.363
30.63  -161.104  -288.4
10.4913  -201.164  -284.577
24.7717  -202.537  -266.053
26.8749  -188.833  -262.447
38.0299  -162.244  -279.805
