75.2769  -202.512  -295.986
75.1478  -203.282  -288.691
69.7258  -208.649  -292.038
66.9536  -205.63  -303.601
75.4  -195.526  -303.123
77.0387  -195.208  -294.735
76.0251  -202.851  -283.411
70.1217  -206.054  -283.799
58.4565  -199.314  -301.271
64.6712  -194.036  -307.288
79.2483  -197.218  -287.425
60.1124  -206.766  -295.164
78.6264  -191.889  -291.894
75.8953  -189.148  -296.863
51.3576  -201.284  -288.58
71.9509  -188.593  -303.779
54.8472  -183.957  -306.867
74.3042  -178.785  -293.632
64.7666  -209.091  -286.69
57.9166  -207.469  -278.525
80.7071  -191.023  -280.222
67.9962  -177.959  -302.917
48.4394  -174.077  -303.515
79.0567  -182.389  -288.485
71.1757  -170.224  -288.108
66.025  -205.756  -273.413
50.2571  -203.611  -271.323
75.0419  -199.09  -273.729
73.8467  -194.64  -265.923
49.4603  -192.923  -297.42
44.8953  -194.28  -282.71
76.8964  -174.658  -283.496
69.4389  -159.643  -285.204
62.3582  -204.389  -263.803
44.6432  -197.4  -264.129
80.0477  -183.53  -273.093
71.2779  -188.203  -257.112
42.5741  -185.541  -293.105
39.3852  -187.209  -276.963
63.8572  -168.904  -296.643
41.7056  -165.507  -301.327
79.4097  -175.679  -266.058
66.8777  -181.68  -248.622
38.4418  -176.998  -286.546
37.302  -179.174  -272.114
58.555  -158.463  -293.756
35.039  -156.977  -297.877
76.6486  -164.763  -278.77
64.9264  -150.199  -281.622
57.5977  -198.338  -255.287
43.9243  -187.598  -260.613
58.3381  -149.731  -289.117
31.1077  -150.521  -290.188
74.5017  -154.845  -272.417
69.9666  -148.375  -267.597
52.8662  -192.037  -248.589
41.1302  -182.005  -256.922
75.1474  -167.568  -258.886
62.2277  -175.393  -242.857
32.5814  -169.68  -281.474
33.0158  -174.207  -267.527
60.3701  -143.568  -277.227
64.0522  -141.723  -262.195
48.8757  -182.828  -250.227
38.7599  -175.471  -253.237
70.9591  -160.773  -253.883
65.409  -152.711  -246.61
27.2903  -165.333  -277.314
28.4335  -173.97  -265.029
47.8091  -140.763  -287.268
28.4671  -148.148  -282.73
44.8355  -176.233  -251.353
30.6088  -173.785  -249.52
53.4263  -168.846  -239.453
52.1008  -150.326  -247.579
25.1902  -160.868  -273.654
25.1687  -158.549  -266.722
42.3632  -137.967  -279.541
28.5726  -149.48  -277.806
55.2675  -135.351  -271.817
51.9607  -142.165  -256.303
39.3839  -139.712  -269.831
25.6104  -170.026  -261.656
38.4359  -170.759  -244.879
40.8278  -159.943  -243.143
46.3773  -139.107  -265.488
