53.8909  -191.009  -192.5
54.8706  -191.667  -183.14
45.4794  -193.644  -185.685
45.7241  -189.283  -194.039
53.5429  -182.415  -197.727
60.5587  -182.597  -190.602
54.4421  -190.702  -175.795
46.3387  -192.471  -178.723
39.3101  -186.591  -193.381
44.0964  -181.224  -198.721
61.284  -183.559  -181.183
41.2406  -188.704  -188.111
61.9048  -175.746  -187.179
57.8786  -174.295  -193.541
34.7907  -183.736  -184.659
52.2801  -175.216  -198.461
38.3287  -172.328  -199.083
58.1756  -162.139  -193.028
42.7002  -190.624  -181.896
38.9087  -186.728  -176.982
64.6201  -175.697  -173.14
49.4353  -164.879  -199.12
34.5096  -163.154  -195.931
65.059  -165.685  -184.571
55.7712  -152.311  -189.117
41.4094  -188.278  -171.106
33.8948  -182.215  -170.983
52.5991  -186.539  -166.383
50.9005  -180.249  -158.859
33.6347  -178.9  -190.663
30.2285  -178.202  -180.175
63.8255  -155.238  -180.585
55.4626  -140.35  -187.683
37.7389  -184.527  -164.256
27.9069  -175.808  -165.791
63.2982  -167.622  -166.868
48.3754  -172.879  -151.069
29.1284  -171.389  -187.146
25.3723  -170.687  -177.422
46.5334  -154.627  -196.158
28.6931  -155.105  -194.789
61.6751  -157.419  -160.559
43.1771  -164.474  -144.396
24.0145  -163.809  -183.025
23.8164  -165.191  -174.726
43.2989  -143.926  -195.123
23.4721  -147.428  -193.942
61.2351  -144.859  -176.18
51.2121  -131.362  -183.042
33.6391  -178.289  -158.463
25.7758  -169.815  -163.29
38.5523  -134.855  -190.966
19.348  -140.349  -190.285
56.784  -136.129  -171.311
52.1331  -130.023  -167.871
29.4955  -172.769  -152.989
24.4322  -163.637  -162.904
58.3459  -147.034  -153.203
37.5474  -156.83  -141.255
18.48  -156.778  -179.614
16.9157  -158.435  -170.343
45.6018  -126.832  -178.389
46.0438  -124.917  -164.797
27.0995  -167.552  -153.198
17.3544  -162.118  -157.074
51.5522  -139.818  -151.621
43.2854  -134.769  -150.138
13.6592  -152.693  -177.024
12.6473  -155.775  -165.146
33.7594  -127.42  -188.544
15.1535  -134.972  -183.125
22.7591  -158.765  -154.783
10.4418  -162.457  -153.442
31.0601  -149.257  -145.607
36.0945  -135.79  -152.897
8.38853  -149.257  -175.068
8.73727  -143.663  -166.962
28.5107  -123.084  -182.252
14.0934  -134.773  -178.253
39.9075  -122.234  -174.294
34.1092  -126.901  -161.105
27.8791  -123.205  -175.918
7.113  -156.766  -162.45
17.7739  -159.222  -147.007
23.6657  -146.133  -148.651
33.107  -122.908  -170.78
