80.5059  -171.187  -225.32
77.4104  -171.191  -210.954
67.5585  -173.144  -215.524
65.729  -167.454  -223.587
72.7902  -158.628  -225.335
81.1065  -159.236  -216.99
75.9166  -170.151  -203.827
68.9645  -174.06  -208.243
58.7841  -164.145  -222.759
61.9697  -158.58  -225.641
81.2833  -161.837  -206.837
61.4894  -169.09  -218.465
82.4853  -152.109  -212.209
77.0982  -149.315  -220.718
53.6166  -167.202  -216.82
68.4176  -151.462  -224.267
53.2359  -150.717  -226.887
72.8681  -136.17  -217.176
65.4909  -174.638  -212.164
58.5486  -174.92  -207.29
80.8019  -153.915  -195.953
62.8499  -140.672  -224.614
46.5575  -143.005  -221.071
82.2612  -141.039  -206.249
68.5475  -125.215  -212.628
64.7098  -175.179  -199.636
51.5862  -172.346  -202.168
73.3052  -166.17  -194.054
70.7909  -162.564  -185.562
52.0628  -158.438  -220.498
46.4264  -163.446  -213.222
77.68  -130.891  -199.693
63.6684  -113.618  -207.966
60.1598  -173.503  -192.362
45.1574  -167.264  -196.87
74.6296  -146.082  -189.385
65.7204  -155.882  -178.263
44.9656  -153.115  -217.643
40.9441  -156.287  -208.786
56.916  -130.52  -221.097
38.879  -133.574  -219.607
68.2589  -138.75  -184.397
58.8231  -149.622  -173.038
37.4151  -145.969  -212.701
33.1874  -151.666  -205.134
49.7879  -120.075  -217.737
30.4398  -126.35  -220.693
69.5467  -122.69  -192.858
55.628  -106.833  -201.834
54.5746  -166.35  -186.384
40.4078  -160.177  -192.601
42.7005  -111.878  -214.064
24.6237  -121.813  -215.927
62.5955  -115.379  -188.407
56.3716  -110.951  -184.815
49.1875  -160.54  -181.438
35.1755  -155.921  -188.547
66.0608  -130.813  -175.421
52.5554  -144.841  -170.377
28.9262  -139.538  -210.751
29.6372  -145.538  -200.937
49.0407  -102.317  -197.625
49.6228  -109.982  -184.327
43.9712  -156.172  -179.04
30.5818  -154.759  -183.772
58.5194  -126.365  -173.907
51.6479  -121.512  -170.663
21.7615  -137.395  -209.685
22.7523  -147.302  -199.224
35.984  -106.466  -210.622
19.7445  -119.155  -210.48
39.3747  -150.457  -180.788
22.5868  -150.851  -183.115
44.9257  -139.095  -171.058
41.7382  -120.968  -172.12
17.8743  -136.543  -208.656
15.6372  -132.342  -196.634
29.8727  -104.384  -205.289
20.2394  -118.93  -204.718
41.4674  -101.814  -193.675
41.7824  -108.575  -180.756
28.6552  -106.903  -200.074
17.9116  -144.448  -190.721
28.6372  -145.899  -175.098
33.8359  -134.74  -172.281
33.9219  -105.137  -190.3
