79.2233  -169.805  -223.324
77.4841  -170.95  -210.801
67.4369  -173.07  -215.844
65.9212  -167.709  -223.618
73.2352  -159.045  -225.678
82.3674  -159.124  -217.317
76.0196  -169.792  -203.173
68.6516  -174.038  -208.122
60.3808  -164.563  -223.084
62.6495  -159.293  -225.606
81.2475  -161.148  -206.399
61.6317  -170.158  -219.525
82.2541  -151.658  -211.981
77.3173  -149.389  -220.834
54.2949  -166.815  -216.739
69.3546  -151.794  -225.621
54.1669  -152.091  -225.56
73.0066  -136.204  -217.277
65.2976  -173.976  -212.17
58.4191  -173.709  -206.848
79.5148  -152.501  -195.514
63.2514  -141.529  -224.641
47.4159  -144.173  -221.695
81.7956  -140.325  -205.804
68.5523  -125.144  -212.636
63.9132  -175.229  -198.693
51.8834  -171.152  -201.554
73.274  -165.931  -192.261
68.6785  -160.458  -185.016
53.4598  -158.896  -220.388
45.1807  -164.927  -213.776
78.2381  -129.333  -198.89
63.5214  -113.427  -207.848
58.902  -172.746  -191.085
44.4632  -166.444  -195.741
72.7914  -144.388  -188.925
63.7518  -153.751  -176.684
46.5568  -154.113  -217.577
40.3554  -156.665  -208.93
57.0106  -131.743  -220.588
39.9902  -135.245  -219.233
68.2085  -136.456  -182.052
56.6255  -147.32  -171.257
39.5588  -147.01  -212.509
32.3412  -152.473  -205.425
50.0575  -121.229  -217.226
31.6381  -128.101  -219.324
68.8548  -121.291  -192.585
55.2964  -106.456  -201.66
53.069  -165.219  -185.176
38.1312  -162.788  -191.44
43.1152  -111.797  -215.018
24.5254  -122.771  -217.632
60.8322  -114.619  -187.806
54.0809  -111.181  -184.824
47.3213  -158.926  -180.058
35.8282  -154.622  -189.235
63.3166  -129.018  -174.864
50.0055  -142.309  -169.984
31.8856  -140.284  -209.273
26.4074  -149.089  -201.791
48.3979  -102.522  -197.376
49.8585  -107.333  -183.831
42.451  -154.337  -178.156
28.6097  -151.709  -186.204
56.2305  -124.47  -172.784
49.3008  -121.031  -172.127
24.2069  -138.26  -208.282
22.5403  -146.182  -198.107
36.3067  -107.638  -210.274
19.801  -119.893  -210.958
38.0684  -148.587  -179.48
26.8686  -149.936  -185.845
42.8125  -137.118  -168.659
39.8406  -121.757  -174.509
21.3804  -136.901  -207.247
16.1995  -132.548  -195.763
30.1716  -105.22  -205.027
20.2412  -119.468  -204.421
40.9551  -101.884  -193.043
44.8336  -104.126  -189.073
28.3272  -106.539  -199.792
15.2707  -146.507  -192.061
33.3338  -146.138  -176.527
30.8699  -131.682  -176.264
35.3913  -104.259  -191.54
