77.9173  -180.711  -298.137
79.987  -179.871  -285.547
69.9416  -186.595  -288.608
66.6607  -178.155  -293.416
70.9099  -171.255  -298.409
76.987  -169.391  -292.593
77.2964  -177.557  -278.013
72.1529  -186.861  -278.249
60.3895  -176.673  -291.025
61.9172  -172.1  -297.004
78.8821  -170.055  -283.749
61.5306  -181.972  -287.438
75.8495  -165.149  -289.054
72.5273  -164.225  -293.917
50.9224  -181.496  -281.321
67.7122  -165.767  -298.249
51.7558  -168.43  -293.941
68.4106  -153.888  -291.255
64.5125  -188.182  -281.729
56.8899  -187.468  -271.812
77.5976  -162.909  -274.683
60.0941  -157.856  -298.805
43.3948  -161.274  -291.268
74.6528  -155.888  -284.178
63.6645  -144.397  -286.804
65.9107  -185.74  -265.978
48.0366  -187.801  -263.223
74.9301  -174.114  -266.521
71.091  -169.841  -257.312
52.1855  -174.31  -286.948
43.8342  -176.331  -274.408
72.1901  -146.502  -279.041
58.1646  -134.374  -284.408
60.7915  -184.843  -255.036
42.5387  -178.801  -255.781
74.9001  -156.449  -266.826
65.5322  -163.974  -247.747
42.0511  -170.587  -281.367
34.4745  -173.941  -267.396
52.082  -147.035  -298.129
34.3825  -154.723  -286.144
71.572  -148.825  -258.468
58.9353  -158.561  -238.342
33.4908  -166.218  -275.231
28.759  -168.741  -261.78
43.8136  -137.473  -296.56
23.4825  -149.307  -284.612
68.0908  -137.135  -273.117
52.6191  -123.68  -278.617
54.3207  -181.377  -243.714
35.0607  -173.679  -249.678
37.4463  -133.173  -287.7
8.62349  -144.463  -287.336
63.4071  -128.598  -264.277
57.2348  -122.752  -257.623
47.3305  -173.798  -239.036
30.1845  -170.672  -244.779
66.7925  -141.345  -248.656
53.0565  -154.824  -230.309
23.8536  -163.229  -270.827
22.0967  -166.369  -256.025
44.9844  -120.314  -272.617
46.2266  -119.852  -249.385
41.0788  -169.627  -234.204
25.4312  -169.167  -240.565
60.1476  -136.156  -242.31
49.3822  -133.617  -236.765
18.6603  -158.188  -263.594
15.1161  -165.203  -249.569
26.206  -126.327  -281.562
10.5603  -142.505  -269.153
34.1207  -163.071  -237.106
19.6317  -168.236  -235.552
41.529  -150.652  -228.151
34.7998  -134.801  -233.968
12.3491  -157.283  -258.959
10.3812  -158.129  -250.493
20.988  -127.002  -268.681
15.8049  -142.968  -265.457
35.5598  -117.53  -263.155
31.6825  -127.909  -244.202
19.6097  -130.479  -262.07
12.3292  -163.492  -246.84
26.588  -158.864  -233.047
26.0409  -148.291  -229.036
25.0128  -123.874  -253.268
