68.913  -204.24  1170.96
70.59  -204.518  1180.93
59.7382  -207.31  1176.73
58.3684  -203.159  1168.77
66.9641  -195.986  1166.1
72.3311  -195.013  1174.34
70.359  -203.106  1188.69
60.9076  -208.259  1185.75
50.6084  -199.783  1169.08
56.2146  -195.234  1165.62
73.8938  -195.455  1182.72
51.4425  -205.204  1173.79
72.4191  -189.537  1177.84
69.3106  -188.594  1171.49
41.5929  -200.975  1177.92
64.006  -189.602  1165.69
47.7889  -187.551  1166.04
66.9965  -177.875  1174.22
55.0788  -205.602  1181.59
46.5654  -204.292  1188.09
76.251  -186.977  1191.39
58.7712  -180.581  1166.74
40.5704  -179.443  1165.13
72.6378  -179.668  1181
64.5339  -168.314  1177.09
54.4824  -206.533  1196.09
38.5977  -200.687  1193.66
69.2454  -199.597  1199.92
66.5265  -194.552  1210.88
41.291  -194.188  1171.28
34.819  -193.904  1181.99
67.45  -171.884  1186.11
61.0009  -158.075  1179.56
49.2993  -203.152  1205.86
32.1994  -194.681  1199.15
74.3415  -178.484  1198.37
61.1373  -185.896  1218.14
33.5652  -188.523  1173.37
28.948  -186.638  1186.41
53.5371  -171.265  1168.49
33.1068  -171.553  1165.97
71.0932  -169.756  1204.33
53.272  -177.352  1222.62
26.3246  -181.15  1177.3
22.5451  -181.121  1189.69
48.7828  -160.454  1168.54
24.7347  -163.816  1165.41
70.4428  -159.775  1189.65
55.2664  -148.963  1182.52
42.3459  -198.195  1213.92
26.9738  -188.75  1202.56
42.2404  -150.582  1170.26
18.7764  -156.971  1169.42
64.6663  -151.041  1194.85
58.4092  -145.026  1198.67
36.781  -190.162  1217.27
23.3496  -182.988  1205.07
66.1621  -160.363  1211.19
46.4759  -169.757  1224.66
18.5935  -174.878  1179.46
15.8482  -178.631  1192.91
49.2217  -143.036  1186.07
50.4467  -138.998  1202.32
32.8006  -182.711  1218.02
20.3669  -176.918  1207.22
58.6408  -154.292  1213.8
49.2773  -147.676  1217.54
14.3534  -170.173  1183.93
10.1524  -174.873  1196.76
35.3896  -144.614  1174.2
10.7138  -151.124  1176.21
27.2288  -176.153  1215.54
13.4997  -174.338  1211.2
36.5742  -163.07  1223.04
34.9938  -148.123  1214.6
9.77015  -166.838  1187.12
11.2155  -165.651  1189.67
28.6558  -140.934  1180.27
13.3387  -154.168  1184.43
41.581  -138.14  1190.68
36.3082  -141.383  1205.59
26.1668  -142.512  1189.6
7.99056  -170.206  1203.97
20.7295  -169.202  1217.76
23.2617  -158.246  1216.9
31.8722  -139.792  1195.7
