83.6562  -190.899  -264.485
89.2794  -194.288  -253.667
76.2197  -194.53  -259.689
75.8378  -188.661  -266.045
85.7528  -182.233  -273.949
90.9563  -181.336  -261.116
86.4103  -190.46  -242.673
76.2227  -195.903  -249.627
69.6996  -185.453  -264.531
72.8516  -181.927  -269.675
94.0961  -179.616  -250.054
71.3828  -188.939  -261.614
92.9412  -173.217  -256.274
87.6191  -169.252  -266.443
62.8647  -184.585  -258.939
77.8432  -175.148  -271.897
64.2682  -173.731  -268.677
85.1607  -155.106  -266.312
70.8419  -193.059  -254.542
62.3601  -188.711  -246.453
91.3294  -170.578  -236.889
71.7241  -164.832  -275.379
55.3804  -166.679  -270.448
93.3658  -160.534  -249.715
78.6513  -144.409  -261.063
69.8864  -191.798  -239.671
56.3402  -184.077  -242.017
80.1941  -184.943  -231.124
75.3664  -178.132  -222.6
60.2101  -179.288  -262.187
54.1655  -181.703  -254.611
88.8654  -150.598  -244.96
71.9517  -132.542  -256.9
63.3189  -187.306  -232.72
49.9818  -178.59  -236.169
85.8653  -162.96  -228.635
67.0824  -168.558  -219.035
53.1067  -176.112  -261.904
47.6966  -174.136  -250.926
65.3163  -155.425  -271.638
47.9449  -158.82  -266.358
79.6591  -152.657  -220.784
58.6539  -162.753  -213.515
45.9305  -168.852  -257.5
38.7572  -167.989  -245.958
57.0386  -142.338  -273.498
37.6293  -151.486  -267.125
82.7069  -136.836  -236.119
62.279  -125.742  -249.246
56.9889  -179.251  -226.651
42.319  -173.256  -232.583
48.0707  -132.303  -265.458
28.6089  -143.538  -269.8
67.7231  -132.052  -231.891
59.7696  -127.746  -228.797
49.9345  -173.408  -220.347
37.4984  -166.727  -229.334
66.8992  -144.988  -216.991
50.9754  -156.986  -213.034
36.1241  -161.122  -253.93
31.1115  -166.938  -242.669
51.8144  -120.204  -245.344
51.3557  -123.726  -225.79
45.728  -165.377  -222.97
32.476  -166.636  -226.665
60.113  -139.55  -213.939
50.3187  -136.03  -213.721
27.8056  -159.198  -252.939
24.6861  -166.128  -239.042
40.6371  -127.522  -260.954
20.9717  -139.727  -259.18
38.1289  -162.14  -222.54
28.4069  -166.498  -225.019
43.2501  -151.446  -213.979
40.3463  -136.123  -218.87
19.5748  -157.596  -250.678
18.173  -151.348  -237.762
32.8958  -125.014  -252.312
23.9702  -140.472  -248.393
44.0407  -120.386  -239.253
42.0692  -130.304  -225.736
32.1564  -130.041  -241.248
22.1982  -162.966  -233.91
32.1201  -159.477  -213.103
32.2027  -147.736  -217.23
39.3641  -124.4  -235.747
