71.822  -215.949  1192.66
73.3456  -214.862  1202.99
61.0406  -215.563  1199.71
59.5531  -211.548  1193.1
70.4083  -205.479  1190.07
75.0766  -204.485  1199.63
74.5497  -213.378  1210.1
63.0996  -217.503  1206.9
51.7598  -207.345  1193.99
58.6276  -204.225  1185.78
77.6243  -204.965  1206.27
53.0959  -210.686  1198.46
78.2208  -199.438  1204.03
75.7711  -197.963  1197.48
44.3071  -205.672  1202.03
69.1861  -198.101  1189.1
49.5973  -193.665  1187.05
76.5386  -186.118  1201.93
55.8439  -215.446  1203.31
48.5583  -212.412  1209.46
80.1665  -195.369  1213.76
66.245  -186.442  1190.75
42.7233  -182.02  1186.27
77.5385  -188.407  1209.41
77.1372  -175.203  1206.21
58.1158  -217.902  1218.49
41.1892  -207.452  1216.57
75.7873  -209.634  1221.33
75.5542  -203.04  1231.53
42.7779  -200.507  1197.12
36.9581  -199.36  1206.43
77.9252  -179.391  1215.53
76.0911  -162.284  1208.94
53.9653  -215.613  1231.5
36.5294  -200.005  1223.04
78.4402  -185.19  1219.72
73.643  -195.472  1242.05
37.9613  -192.408  1201.66
31.6671  -191.51  1211.54
63.8118  -174.423  1191.96
37.1373  -172.85  1190.58
79.5067  -177.072  1227.72
67.5675  -185.226  1249.32
31.3555  -184.836  1207.29
29.9999  -181.713  1215.26
60.7766  -160.953  1192.59
31.215  -163.137  1191.46
81.6028  -168.572  1219.81
72.4977  -151.476  1213.94
48.8052  -206.825  1239.41
32.5229  -192.576  1227.27
55.8107  -149.598  1198.37
26.2226  -153.151  1196.93
78.4247  -158.715  1225.42
73.2558  -152.292  1228.74
44.9533  -197.237  1243.75
31.7303  -184.544  1229.2
78.1736  -168.518  1234.85
61.348  -175.166  1249.47
26.322  -177.466  1213.19
27.8898  -175.005  1220.01
69.0019  -141.443  1216.5
70.0682  -143.665  1233.91
41.7052  -187.889  1246.33
29.9862  -178.711  1231.18
74.7464  -161.393  1240.15
67.7504  -153.654  1244.72
22.8821  -171.716  1215.07
21.4626  -172.81  1224.09
49.9947  -137.264  1200.55
22.879  -149.129  1210.53
38.4599  -179.188  1244.56
25.3971  -175.377  1234.67
52.6931  -165.921  1250.27
53.4327  -149.96  1244.59
21.9401  -166.998  1218.44
21.1057  -163.032  1225.31
44.2977  -139.08  1211.78
26.2183  -153.291  1216.22
60.0353  -136.803  1224.97
54.5137  -144.551  1236.38
40.4629  -141.744  1216.16
21.0709  -173.401  1231.51
33.0764  -170.824  1247.88
42.2477  -159.606  1246.25
50.699  -140.139  1228.47
