77.9815  -232.823  -237.726
86.4879  -234.597  -230.398
73.4317  -237.986  -227.925
67.3256  -230.904  -233.451
71.2875  -224.555  -240.175
81.3265  -222.966  -238.141
86.9307  -230.576  -221.871
78.2014  -237.578  -219.409
58.0155  -229.424  -230.244
60.468  -224.181  -235.206
87.1001  -222.665  -229.991
63.0819  -233.438  -225.836
81.8237  -216.606  -235.394
74.5209  -215.628  -238.734
52.472  -230.437  -216.57
66.6493  -217.973  -240.125
48.5231  -216.569  -231.177
68.4802  -203.131  -235.385
69.6806  -238.325  -220.134
62.6073  -237.864  -208.209
89.8798  -212.1  -221.777
56.6408  -208.71  -239.492
35.2176  -209.002  -229.656
79.313  -205.312  -231.431
63.1156  -191.055  -233.569
75.6891  -236.808  -204.535
54.9159  -232.122  -198.096
88.2148  -224.99  -209.62
89.2662  -219.156  -196.734
45.8291  -224.264  -223.15
43.8601  -223.095  -208.542
77.8825  -193.054  -227.642
56.3106  -181.342  -225.381
72.3179  -231.866  -191.699
48.0955  -224.946  -188.829
89.0451  -201.778  -213.311
86.8279  -210.167  -183.591
37.6013  -216.08  -215.529
34.3833  -217.988  -199.754
48.2109  -196.86  -235.69
24.0042  -200.325  -224.143
84.4794  -191.353  -204.838
77.1473  -200.722  -173.963
26.2418  -210.86  -207.427
25.0218  -216.161  -191.525
38.1716  -184.937  -231.148
12.7468  -192.864  -219.306
73.8217  -180.089  -221.273
48.2328  -169.736  -219.844
66.3154  -226.636  -179.042
41.6162  -217.039  -181.631
28.6364  -174.386  -225.634
3.39188  -185.403  -212.827
65.8144  -170.586  -211.92
59.9672  -161.163  -203.786
59.6365  -218.245  -171.93
36.075  -212.058  -175.843
81.5409  -177.835  -193.883
69.0794  -191.927  -166.287
14.3102  -206.249  -201.843
19.563  -210.392  -184.781
40.6209  -160.863  -214.289
49.4528  -155.592  -194.849
53.005  -211.362  -165.652
30.5222  -209.759  -170.056
70.1851  -172.652  -187.162
60.4802  -163.113  -176.275
9.49379  -200.181  -194.43
12.1668  -206.432  -177.286
19.8282  -167.264  -218.33
5.14068  -180.513  -198.326
44.3611  -204.025  -163.149
24.7815  -208.319  -164.343
54.8625  -183.231  -156.609
41.8427  -167.251  -172.43
10.9685  -193.644  -186.887
8.91565  -189.241  -177.585
11.8336  -161.52  -207.306
7.3585  -176.453  -188.03
32.6054  -155.445  -202.783
35.671  -160.93  -183.311
16.8295  -166.729  -193.449
10.804  -201.982  -169.072
34.7339  -195.452  -159.72
32.5443  -182.245  -162.882
24.5225  -158.779  -192.159
