108.575  -222.088  1116.39
108.883  -221.757  1126.65
100.398  -226.597  1124.07
98.983  -222.986  1113.56
105.5  -212.285  1112.06
110.31  -210.759  1119.89
109.721  -221.087  1133.6
101.352  -226.578  1131.94
90.6525  -220.176  1115.23
95.7164  -213.1  1110.2
110.803  -211.855  1127.88
93.2811  -223.803  1122.34
110.985  -204.41  1122.7
106.876  -203.377  1117.82
82.8847  -223.602  1125.96
102.297  -204.989  1112.83
86.9024  -204.781  1112.26
104.554  -190.535  1118.76
96.7769  -225.811  1129.62
88.8261  -227.079  1136.54
114.151  -202.94  1136.25
96.6746  -195.122  1113.65
79.1937  -195.971  1111.85
109.334  -193.695  1126.65
101.839  -179.341  1121.12
96.2992  -226.535  1142.84
79.7146  -227.394  1143.42
108.478  -217.132  1144.72
106.766  -211.753  1154.14
80.7168  -215.971  1117.37
74.5174  -218.79  1130.62
109.086  -182.296  1130.41
98.0392  -167.78  1123.94
92.1198  -226.443  1152.98
74.9813  -219.149  1149.02
113.508  -193.859  1144.33
102.767  -204.007  1163.1
72.1959  -210.137  1119.92
67.8757  -212.253  1135.68
91.6654  -184.142  1113.29
71.7134  -187.684  1114.55
112.61  -183.923  1151.93
95.6444  -196.163  1169.65
65.3947  -202.933  1125.01
63.5042  -205.354  1140.22
85.3663  -173.034  1115.18
63.6616  -179.962  1115.93
106.861  -171.068  1134.82
90.8177  -160.673  1129.51
86.1759  -221.027  1162.48
70.3034  -211.867  1152.78
78.6442  -164.681  1120.02
58.1563  -173.736  1121.38
99.7267  -163.387  1140.19
94.4916  -156.976  1144.65
80.1826  -214.199  1168.42
67.8498  -205.328  1155.31
103.624  -175.949  1157.1
88.6002  -189.633  1173.81
59.219  -196.333  1129.75
59.784  -199.451  1144.59
85.0131  -155.933  1134.34
86.0111  -156.213  1147.26
75.0414  -205.915  1167.7
61.4727  -203.878  1159.27
97.319  -169.204  1160.93
87.0758  -166.126  1162.77
50.8328  -192.329  1131.27
52.1424  -198.594  1148.47
72.4922  -159.795  1125.35
53.0842  -170.199  1129.56
69.8946  -199.576  1166.61
55.9901  -199.311  1162.43
77.7362  -183.702  1170.91
78.0996  -166.389  1164.78
47.7715  -188.171  1137.96
49.9205  -184.015  1144.83
65.708  -155.102  1130.28
52.5336  -170.138  1134.45
78.296  -151.208  1138.39
77.4457  -158.319  1151.81
63.2248  -157.704  1139.86
47.541  -197.423  1153.57
64.9082  -193.138  1169.67
64.2985  -178.922  1167.96
70.9996  -153.096  1143.48
