62.4331  -218.1  -254.672
64.3143  -218.208  -244.178
54.4378  -222.028  -248.878
52.182  -218.012  -260.026
65.5635  -211.297  -267.022
64.1257  -208.264  -250.78
61.3915  -215.319  -239.953
55.6929  -219.402  -239.476
43.7607  -212.895  -259.545
50.2309  -206.662  -262.454
65.3984  -209.179  -243.327
45.3265  -219.563  -252.902
68.3141  -203.398  -247.579
65.0414  -200.956  -255.619
35.6847  -215.737  -248.628
59.2138  -200.085  -264.849
41.8371  -197.891  -262.073
63.8702  -188.142  -253.858
49.3034  -224.236  -243.981
42.1037  -224.127  -236.349
68.7805  -202.932  -234.6
54.2489  -190.316  -261.66
36.0027  -188.649  -262.677
69.4277  -192.411  -242.306
61.6246  -177.536  -250.492
52.842  -222.265  -227.27
32.8341  -221.711  -228.663
60.1452  -209.566  -229.849
60.6456  -205.154  -219.755
37.5037  -205.108  -253.849
27.3469  -210.619  -244.775
70.3516  -181.826  -237.738
59.5155  -166.021  -246.632
48.279  -218.794  -218.247
26.9619  -215.297  -223.066
68.2129  -194.138  -227.28
59.8832  -197.832  -209.87
28.8772  -198.495  -253.369
20.9382  -203.621  -240.463
50.7583  -179.643  -260.818
28.1505  -179.239  -264.154
67.7567  -184.018  -219.341
54.8343  -190.091  -203.274
23.0691  -190.337  -249.475
19.032  -195.177  -235.967
48.0077  -167.427  -262.44
20.8491  -168.375  -263.001
68.2246  -171.353  -232.854
55.3593  -156.341  -241.949
42.5339  -214.095  -207.717
22.7874  -206.492  -219.472
42.4461  -156.523  -257.144
18.4322  -162.448  -253.201
63.9894  -162.41  -227.758
59.1906  -156.226  -224.008
38.3173  -204.732  -202.641
22.3964  -197.946  -216.529
64.7679  -175.067  -212.649
49.9121  -183.544  -198.257
19.3136  -182.113  -245.222
18.4833  -188.957  -232.385
50.2731  -150.1  -237.47
52.6272  -150.379  -220.674
33.663  -197.48  -200.158
21.014  -189.595  -213.841
60.9731  -167.706  -208.23
52.7261  -161.89  -205.662
14.7168  -177.541  -242.191
11.3808  -183.879  -228.431
35.4224  -149.035  -252.098
14.7546  -159.453  -244.731
29.4418  -190.116  -201.147
14.2197  -188.11  -209.874
39.0246  -172.066  -197.667
40.4566  -161.014  -205.069
12.519  -173.94  -238.547
11.4417  -169.102  -225.289
29.0302  -147.051  -242.522
15.6431  -159.41  -237.124
43.8993  -143.949  -232.909
38.8106  -147.654  -215.59
26.4899  -150.356  -236.843
8.96507  -183.469  -221.977
22.7431  -175.627  -204.242
29.9302  -166.413  -202.834
34.1325  -144.886  -226.771
