108.649  -183.246  -302.931
110.701  -182.999  -291.051
100.286  -188.463  -294.731
97.0119  -184.292  -304.299
102.564  -175.454  -308.775
109.311  -171.544  -300.268
113.583  -182.707  -279.304
100.865  -189.622  -284.173
89.0566  -180.674  -301.689
93.2397  -175.524  -306.401
111.041  -170.87  -288.615
92.4042  -186.579  -295.57
109.496  -164.282  -297.324
104.441  -164.862  -307.299
81.1519  -188.31  -292.642
96.9448  -171.139  -307.673
82.3023  -172.371  -307.412
95.6278  -156.398  -303.76
95.0992  -190.005  -289.119
85.9551  -192.78  -280.919
109.854  -160.539  -277.17
87.9455  -165.045  -306.404
73.5487  -169.023  -303.787
104.799  -154.337  -292.757
88.7014  -147.521  -301.408
94.3234  -193.309  -270.23
75.6975  -193.318  -273.637
106.56  -178.913  -265.659
100.483  -172.946  -255.201
76.471  -178.342  -299.767
71.6564  -185.326  -287.162
99.275  -144.598  -287.95
79.9578  -139.589  -297.337
86.0643  -190.12  -261.397
67.4909  -186.419  -267.678
104.307  -153.62  -268.47
90.7959  -166.418  -246.463
68.166  -174.984  -296.536
60.5256  -183.681  -283.785
79.6378  -157.431  -306.334
61.7766  -164.63  -302.76
97.7921  -143.121  -259.245
78.6035  -160.641  -239.088
57.1432  -173.854  -293.991
51.5532  -182.259  -279.747
70.1527  -150.285  -303.256
50.3495  -161.301  -304.419
89.4713  -136.618  -282.03
69.8847  -132.609  -292.466
76.7649  -188.704  -249.881
58.8428  -183.97  -262.9
59.2318  -144.043  -301.985
42.1424  -157.797  -299.637
79.9403  -128.942  -275.044
70.7115  -125.453  -270.882
67.5631  -177.387  -249.777
52.2455  -182.603  -259.125
82.9895  -138.095  -252.886
67.0812  -157.551  -239.699
47.6129  -171.985  -290.643
44.3829  -180.13  -275.596
60.7192  -126.997  -289.075
59.1662  -127.537  -267.719
60.0441  -173.577  -247.796
46.1182  -180.473  -255.92
74.1664  -136.35  -250.35
61.2036  -137.649  -249.745
39.1644  -172.819  -288.584
36.2547  -179.588  -271.322
50.3116  -141.131  -297.718
33.3052  -155.894  -293.546
52.2873  -170.727  -246.903
41.1982  -176.94  -254.368
55.4756  -155.841  -242.813
49.4433  -140.58  -249.246
36.4246  -169.485  -282.147
30.372  -163.186  -271.188
41.7963  -139.58  -291.757
33.472  -152.837  -279.008
50.6016  -128.711  -281.949
51.4792  -138.048  -265.451
38.1914  -140.991  -282.942
31.8935  -175.178  -262.937
46.365  -166.331  -248.494
45.8592  -156.059  -249.192
44.1289  -135.704  -275.718
