78.6493  -201.741  -203.653
81.1195  -203.536  -194.071
72.3731  -207.118  -199.175
69.9016  -200.582  -207.045
76.5367  -193.427  -209.087
84.5378  -194.185  -201.361
80.5717  -202.601  -186.226
74.0007  -209.463  -189.862
64.1188  -196.358  -206.285
65.8126  -191.927  -208.476
84.1573  -194.965  -191.381
65.2564  -201.332  -201.607
84.782  -187.209  -197.531
78.8643  -185.517  -204.632
56.6915  -196.54  -198.5
72.8029  -186.397  -210.365
57.8634  -183.194  -208.388
74.6443  -173.26  -201.966
67.5894  -207.654  -194.662
61.9001  -203.739  -187.567
81.4065  -186.277  -182.451
65.6908  -176.943  -207.045
51.5254  -174.299  -206.919
82.5508  -176.858  -192.584
69.3007  -163.322  -197.244
68.1086  -209.062  -177.671
53.2765  -199.909  -182.851
75.7686  -195.999  -177.424
72.6252  -190.246  -170.134
55.3328  -188.935  -203.761
51.0338  -188.645  -194.712
80.1005  -165.875  -187.503
65.9671  -150.564  -195.363
61.8233  -203.42  -169.923
44.874  -195.391  -176.81
76.9808  -177.67  -175.77
67.6552  -182.294  -162.708
50.4319  -181.772  -199.942
44.1118  -181.414  -191.042
60.7502  -165.306  -207.934
44.7018  -165.277  -201.861
74.4205  -168.682  -168.659
62.0433  -176.085  -153.118
42.3106  -175.821  -194.328
38.0252  -174.722  -186.795
53.6732  -154.883  -203.861
36.2086  -157.148  -201.699
75.9844  -154.486  -181.981
58.0353  -142.116  -190.435
55.322  -195.486  -163.433
39.0623  -188.434  -172.766
46.3098  -145.735  -200.694
30.3132  -152.071  -197.505
68.9882  -145.249  -176.299
61.1162  -139.984  -172.997
50.0415  -187.499  -160.331
37.0766  -180.622  -170.182
67.7056  -160.173  -162.888
54.9417  -169.338  -149.613
35.6572  -167.94  -190.428
31.058  -171.539  -183.717
53.137  -133.507  -187.982
52.7052  -136.331  -170.839
43.8024  -181.818  -157.109
32.8961  -175.46  -167.684
62.8527  -152.672  -158.368
54.1944  -146.077  -155.004
29.6808  -161.974  -189.919
23.055  -170.676  -183.099
39.9758  -139.627  -197.055
24.5875  -147.325  -194.502
39.7793  -174.247  -159.918
26.6084  -170.141  -163.55
45.4738  -161.973  -150.958
40.9421  -145.177  -158.738
27.9111  -158.738  -185.038
19.1311  -157.553  -180.302
33.3827  -134.62  -192.76
22.0172  -143.958  -186.303
44.6463  -130.934  -182.367
40.421  -138.085  -168.441
29.404  -136.42  -183.634
20.8447  -168.19  -176.413
31.1455  -167.329  -157.134
33.1179  -158.382  -154.859
35.7722  -133.571  -177.502
