76.4892  -227.079  -418.624
80.4267  -227.17  -407.654
69.607  -232.248  -409.796
66.2867  -224.967  -418.862
72.5437  -218.118  -423.084
79.5503  -215.836  -416.533
81.8382  -224.379  -398.029
69.8381  -230.624  -398.332
60.5283  -219.497  -417.253
65.0968  -216.334  -422.684
85.0991  -215.867  -406.419
61.7531  -226.016  -411.549
81.6361  -209.291  -413.726
75.2894  -211.029  -420.968
54.47  -220.384  -408.343
70.0627  -212.514  -425.066
59.7846  -208.381  -423.002
72.6736  -200.501  -420.419
65.4445  -225.991  -405.745
59.2248  -219.289  -398.514
87.0665  -203.716  -400.222
65.1271  -203.506  -425.503
54.5058  -200.528  -422.183
83.0962  -198.377  -413.368
70.6412  -190.143  -419.114
63.8055  -227.669  -386.695
54.2855  -212.907  -393.244
83.7454  -221.336  -385.675
82.1975  -211.151  -376.12
51.9787  -212.032  -415.27
47.2672  -215.991  -404.19
80.3067  -187.913  -410.378
68.2399  -178.226  -417.623
59.5753  -220.039  -380.184
44.6087  -208.539  -385.985
84.4755  -193.516  -394.38
76.5857  -199.329  -370.601
43.7194  -204.608  -415.664
44.3696  -203.581  -402.153
61.4657  -194.132  -424.278
45.2772  -192.387  -421.397
84.6073  -182.475  -389.175
69.6201  -189.332  -366.355
37.4846  -198.649  -411.589
32.6866  -203.388  -397.97
56.7084  -183.273  -426.144
36.501  -186.93  -423.91
74.8796  -178.662  -406.564
62.8169  -168.66  -415.111
54.5015  -211.442  -371.066
41.6175  -199.004  -384.376
51.5149  -173.831  -426.045
29.483  -180.696  -424.366
67.3301  -171.222  -403.013
63.8856  -167.037  -400.675
50.0838  -203.416  -367.522
36.824  -196.732  -380.973
79.516  -171.834  -383.794
62.128  -181.454  -365.314
29.3791  -194.174  -410.276
27.9788  -198.963  -394.611
59.1603  -162.519  -412.983
60.5038  -163.125  -398.551
46.704  -196.076  -368.169
32.241  -196.033  -377.435
72.6219  -164.671  -381.736
62.9176  -161.466  -379.862
25.373  -190.013  -406.272
27.2677  -193.14  -390.278
45.8309  -167.814  -422.283
24.4226  -174.959  -417.154
42.7716  -190.638  -370.697
31.1049  -192.953  -379.059
51.5475  -175.344  -367.693
50.7092  -162.914  -381.716
25.0894  -188.15  -403.031
26.0425  -183.561  -395.833
39.0135  -160.592  -419.298
28.0272  -173.406  -408.195
53.4303  -157.311  -410.062
54.8857  -158.461  -394.897
38.3565  -162.233  -411.023
23.0313  -190.814  -386.104
40.0933  -186.276  -372.552
42.5361  -175.794  -375.805
47.2693  -156.627  -406.028
