97.8941  -198.386  -217.237
98.9427  -199.34  -208.713
90.76  -203.674  -213.069
90.2332  -197.1  -218.61
95.5452  -191.468  -218.859
98.9799  -191.259  -214.526
100.737  -199.932  -200.377
91.0702  -205.683  -203.604
83.8922  -195.07  -219.795
89.2362  -191.719  -219.557
100.742  -190.901  -208.104
83.9667  -199.465  -214.916
98.381  -187.529  -212.682
94.488  -186.753  -216.094
74.5101  -196.461  -211.925
94.4849  -188.981  -218.658
83.9289  -185.586  -218.242
92.181  -178  -214.522
84.6891  -204.208  -209.06
77.2211  -202.559  -202.105
103.453  -183.711  -200.235
88.1914  -181.383  -217.093
77.5817  -178.897  -217.851
97.0948  -178.452  -208.601
90.4281  -168.592  -213.763
83.2573  -205.572  -196.094
68.3737  -200.141  -197.721
94.7548  -198.382  -191.114
93.7585  -194.063  -180.757
77.9499  -190.701  -214.708
65.8502  -192.534  -209.787
96.8419  -170.026  -206.007
86.2261  -160.588  -211.274
76.0457  -203.53  -186.667
61.3433  -195.403  -191.339
100.899  -176.476  -193.78
88.1156  -187.157  -173.751
69.9303  -184.498  -215.486
59.3982  -186.916  -205.962
83.6492  -172.491  -216.966
69.2688  -171.937  -219.066
99.3921  -169.139  -188.502
82.1265  -178.816  -165.838
61.9742  -177.427  -211.78
53.9287  -181.845  -202.787
78.2836  -163.884  -216.396
61.787  -165.245  -219.24
93.6069  -161.596  -203.725
80.8143  -151.932  -209.603
66.1637  -198.093  -175.505
56.6358  -186.769  -189.686
72.0199  -156.275  -216.062
55.0658  -159.801  -218.514
90.5924  -151.073  -199.382
84.3782  -141.457  -195.136
60.5089  -187.577  -175.891
54.7957  -180.646  -189.357
95.2914  -160.935  -182.733
73.5035  -168.616  -165.114
53.0417  -175.669  -212.967
49.3035  -177.247  -199.928
76.7978  -144.309  -209.138
73.0613  -142.253  -194.516
57.4516  -181.348  -177.276
48.9491  -178.077  -186.794
86.1396  -151.672  -178.311
70.0442  -146.692  -178.297
46.1473  -171.876  -211.101
41.6556  -176.091  -197.254
65.9911  -151.037  -214.736
49.3131  -156.663  -214.525
53.8184  -175.839  -178.053
42.4259  -177.321  -183.389
60.5306  -162.863  -170.804
63.3511  -148.368  -177.998
41.2342  -167.524  -206.71
41.427  -164.17  -199.616
59.6623  -147.136  -211.434
48.2968  -156.828  -208.873
68.3041  -140.835  -204.914
62.8556  -147.121  -190.324
56.1375  -145.916  -205.345
38.7655  -173.902  -195.025
49.8211  -169.733  -178.483
51.9585  -160.462  -178.087
60.4934  -144.239  -200.631
