91.0242  -253.333  -210.391
93.0987  -250.834  -200.934
82.2064  -257.437  -203.036
80.6514  -251.745  -210.512
86.5786  -244.574  -213.739
92.4782  -242.939  -209.668
94.7608  -247.848  -191.32
83.9851  -255.735  -192.956
72.3588  -249.259  -210.622
78.1103  -242.915  -211.532
94.576  -240.443  -202.281
73.2194  -254.618  -204.9
92.9321  -235.602  -209.099
88.4917  -236.744  -212.069
62.1468  -247.194  -199.677
83.9522  -238.105  -215.899
68.8452  -233.81  -212.793
84.4174  -223.163  -211.318
76.5595  -254.983  -197.142
65.505  -252.147  -188.727
99.8925  -227.129  -193.996
76.7869  -227.246  -213.362
60.8302  -223.402  -213.19
91.8171  -222.93  -208.929
79.2858  -211.227  -209.707
77.5469  -254.523  -177.27
56.1828  -242.836  -183.614
94.8978  -240.559  -177.824
92.2579  -230.259  -162.769
61.8579  -241.505  -208.055
54.8761  -236.317  -195.787
88.7079  -210.199  -206.105
74.8331  -197.835  -210.125
72.2486  -244.631  -161.085
48.471  -233.778  -177.689
103.409  -213.314  -186.527
87.8547  -216.612  -151.713
54.3472  -231.518  -204.549
46.5083  -226.86  -192.288
71.5634  -215.248  -212.456
50.4127  -213.509  -214.065
97.1583  -199.007  -181.995
77.4425  -202.888  -146.103
43.2878  -223.696  -202.185
41.3479  -216.812  -189.62
63.6313  -202.839  -212.977
39.3644  -204.521  -216.501
85.4745  -195.227  -203.586
67.147  -184.733  -209.629
60.2138  -233.518  -154.369
45.0839  -221.281  -177.364
55.0695  -191.105  -214.359
32.7864  -195.356  -212.907
81.4725  -180.116  -199.639
74.4654  -168.897  -196.524
52.5621  -221.932  -153.562
39.7646  -214.969  -174.825
88.2549  -184.865  -177.436
67.0285  -189.114  -146.218
35.7904  -213.874  -199.422
32.8695  -212.62  -185.807
60.0338  -174.962  -208.594
62.1561  -161.53  -191.577
44.5474  -209.686  -157.683
34.914  -208.681  -172.658
79.0377  -175.017  -174.495
63.7988  -162.5  -170.398
25.0971  -208.445  -198.741
24.9845  -207.169  -181.84
46.7717  -181.478  -214.862
26.0481  -187.245  -205.484
41.3913  -202.843  -163.494
31.0789  -204.534  -171.543
47.8428  -181.311  -154.8
48.0958  -172.284  -175.194
19.9673  -199.884  -193.597
20.3638  -196.209  -191.273
38.709  -173.627  -210.509
26.945  -187.007  -199.583
51.3858  -166.531  -202.578
45.9452  -168.407  -186.539
35.4033  -171.774  -197.9
25.031  -201.675  -180.22
36.3387  -195.218  -163.305
37.1057  -180.704  -168.02
41.7718  -166.721  -195.672
