58.4466  -203.828  -244.48
67.3021  -205.781  -231.6
49.1786  -210.304  -235.149
45.3484  -203.942  -240.342
54.0568  -194.054  -242.868
62.1675  -197.596  -236.71
70.0748  -207.818  -219.695
56.0948  -217.532  -227.522
39.3805  -195.831  -236.06
46.0518  -194.41  -241.298
66.4594  -196.448  -233.24
45.6389  -205.121  -233.795
62.5022  -187.539  -235.845
55.9099  -190.02  -242.314
38.5492  -204.41  -228.748
50.7223  -191.314  -239.017
36.43  -186.728  -236.356
50.4968  -180.034  -234.677
48.2223  -209.084  -228.78
42.0762  -207.9  -219.501
75.8963  -186.572  -218.892
47.3541  -182.278  -239.838
33.7743  -178.299  -232.952
63.8929  -183.572  -231.457
48.6721  -168.509  -232.877
54.3786  -214.844  -214.006
30.0432  -204.396  -211.172
68.5719  -205.913  -212.445
65.7242  -200.739  -195.133
34.5233  -194.6  -231.766
31.4544  -196.578  -221.439
63.1152  -166.046  -223.788
45.7483  -158.023  -229.12
54.6334  -212.698  -196.604
29.848  -199.694  -203.173
77.1551  -183.566  -212.494
62.0777  -193.05  -185.252
26.7126  -185.387  -227.36
26.5204  -193.829  -213.684
39.6961  -169.301  -233.453
24.7865  -173.156  -224.953
77.653  -173.179  -204.299
56.9199  -184.386  -176.68
25.4012  -179.496  -224.752
20.8064  -185.856  -206.445
34.904  -158.964  -228.923
15.0474  -166.222  -226.656
60.3227  -156.25  -215.752
43.5276  -149.033  -222.195
46.7269  -208.228  -189.95
26.7569  -189.647  -200.146
29.1044  -150.313  -224.991
10.6013  -158.079  -222.735
59.1984  -152.183  -211.606
53.082  -144.841  -201.779
41.8723  -200.309  -182.303
21.8571  -186.284  -194.421
69.9615  -157.846  -197.519
50.9931  -170.911  -173.103
16.6837  -174.26  -221.286
17.0418  -181.808  -200.995
36.9104  -142.255  -217.659
46.2679  -140.859  -198.526
40.28  -186.023  -177.511
19.6824  -183.837  -192.188
61.0124  -150.948  -192.546
50.7645  -143.311  -186.504
8.275  -168.463  -211.023
10.9934  -177.287  -196.419
23.2608  -143.782  -219.682
8.37248  -157.596  -213.858
34.6073  -179.224  -173.309
24.2754  -180.71  -184.212
41.0323  -165.416  -172.3
40.922  -146.79  -179.715
9.20978  -166.075  -207.984
11.6237  -162.378  -203.009
19.3164  -141.41  -215.375
10.2879  -155.492  -208.082
31.2373  -138.288  -206.972
37.006  -142.141  -192.652
23.9238  -141.169  -207.735
13.6811  -180.923  -191.215
30.9263  -169.38  -175.562
28.013  -164.105  -177.306
31.2398  -138.183  -201.726
