82.9513  -231.232  -235.124
82.1627  -227.276  -224.701
73.0314  -235.384  -227.895
71.449  -231.649  -237.441
80.863  -222.963  -241.878
89.0307  -220.407  -234.151
86.1513  -227.872  -215.96
74.5689  -234.288  -218.539
62.2069  -230.145  -238.547
69.4569  -225.955  -246.58
89.1312  -219.006  -224.612
63.8386  -233.879  -231.28
89.0454  -212.488  -231.719
86.6936  -213.046  -240.663
53.6688  -229.053  -227.485
79.2446  -216.777  -247.982
59.0631  -216.972  -247.239
83.0247  -200.02  -240.405
67.0146  -235.308  -222.578
58.8672  -232.277  -216.014
92.0735  -207.918  -217.105
74.5133  -205.981  -251.907
50.8783  -208.224  -249.525
89.5508  -200.78  -229.857
81.4913  -188.313  -240.634
67.789  -230.641  -208.602
50.3519  -228.32  -210.454
84.3427  -221.452  -205.796
81.7215  -214.275  -195.568
53.0665  -223.233  -235.616
44.9537  -223.842  -224.474
87.9652  -189.585  -227.387
77.1166  -176.917  -237.657
62.6399  -225.433  -200.787
46.8633  -218.776  -207.947
89.9397  -197.588  -211.767
76.2554  -204.433  -189.76
43.2423  -218.923  -235.576
39.7629  -214.337  -221.724
68.5408  -194.701  -254.606
42.9986  -199.588  -249.063
84.9978  -187.695  -208.064
70.4469  -195.645  -179.857
35.0533  -211.507  -231.893
33.6662  -207.182  -218.942
62.1655  -181.512  -256.248
34.5781  -191.694  -249.337
84.3173  -178.979  -224.682
71.6451  -166.668  -234.73
55.1076  -220.831  -191.146
41.5426  -209.234  -205.436
54.5353  -172.332  -250.106
27.5782  -184.108  -247.173
77.5913  -169.966  -221.097
71.614  -164.333  -219.087
50.583  -210.903  -190.349
35.5581  -206.226  -202.359
77.6825  -179.024  -204.01
61.5142  -185.907  -178.407
27.4087  -204.949  -229.941
26.7064  -204.394  -215.802
64.3747  -159.417  -233.126
63.4583  -161.782  -216.861
45.0015  -202.94  -193.117
28.7662  -205.079  -199.144
73.494  -170.531  -200.038
62.5998  -166.309  -199.258
24.3916  -198.226  -226.601
21.8255  -200.035  -212.457
47.1366  -166.15  -246.311
24.7086  -181.341  -239.938
39.0721  -199.193  -193.682
22.8559  -202.11  -196.519
50.6583  -180.46  -188.562
45.2706  -166.236  -191.727
19.3487  -194.523  -222.765
20.7626  -189.432  -216.744
39.592  -159.943  -238.674
25.4678  -181.317  -231.693
55.1561  -150.777  -228.071
49.7821  -162.76  -215.893
37.8546  -162.216  -230.584
22.2257  -197.431  -209.773
29.6917  -190.886  -186.899
34.0436  -177.469  -191.3
46.1807  -156.916  -222.653
