46.4827  -244.931  -304.505
46.6424  -243.049  -291.693
39.5067  -242.959  -294.287
36.3657  -241.684  -306.194
43.8045  -234.192  -311.533
55.6142  -236.443  -304.506
47.4158  -240.848  -283.543
41.4197  -241.741  -283.469
31.0629  -236.146  -305.681
34.2955  -231.408  -311.059
59.6074  -237.047  -291.879
31.4509  -242.934  -298.241
63.6313  -226.776  -303.296
51.061  -225.588  -311.604
21.7659  -238.387  -292.546
41.3254  -225.534  -314.439
28.5663  -220.031  -309.018
49.8553  -210.199  -313.164
35.9133  -246.028  -287.462
30.4765  -241.366  -280.1
68.1149  -227.008  -279.799
38.0053  -213.364  -314.622
21.9971  -209.194  -309.939
65.8776  -215.058  -298.716
47.6396  -197.182  -309.852
36.9258  -239.902  -272.722
26.2944  -234.326  -272.078
50.7935  -238.113  -269.282
49.1581  -229.553  -258.944
24.5213  -227.601  -302.367
18.7923  -227.881  -286.869
64.7284  -200.812  -294.357
44.1569  -183.816  -303.941
34.3041  -234.671  -263.677
22.582  -225.305  -265.805
66.9726  -215.657  -270.334
45.8621  -218.973  -250.65
15.8039  -220.316  -300.302
11.7256  -220.539  -281.504
33.8259  -201.397  -313.414
14.4428  -199.378  -310.691
66.1992  -202.759  -263.266
41.9471  -208.99  -242.668
7.49004  -212.654  -297.301
5.28641  -214.813  -276.497
29.6066  -187.701  -310.912
7.68273  -189.061  -308.409
61.1631  -186.545  -287.691
39.5245  -172.554  -298.042
30.5254  -227.335  -254.127
18.02  -217.819  -260.693
25.0225  -176.388  -307.056
3.00767  -179.638  -304.24
54.8174  -176.127  -280.813
48.8815  -167.43  -274.654
27.9255  -216.597  -251.088
14.5497  -212.065  -256.722
60.9121  -189.029  -255.871
35.7939  -199.704  -243.048
3.39143  -203.171  -293.641
2.66925  -208.035  -272.199
35.2217  -163.833  -293.601
40.6591  -158.203  -269.595
23.5855  -210.28  -248.099
8.37053  -210.162  -251.46
54.7283  -178.853  -251.355
41.7192  -170.375  -246.892
-5.22275  -197.205  -289.641
-2.60797  -202.59  -266.868
19.9394  -168.01  -302.231
1.59927  -174.464  -293.382
20.0528  -203.653  -249.877
7.47662  -205.065  -251.211
27.8197  -191.734  -240.352
27.9265  -172.061  -251.779
-9.09476  -188.865  -282.126
-0.798114  -184.634  -270.734
16.2785  -164.651  -294.245
4.94621  -171.408  -282.001
28.067  -159.312  -285.049
30.2038  -161.412  -265.151
13.9692  -165.732  -282.704
-2.89197  -197.605  -259.767
17.0961  -197.298  -242.649
18.9181  -183.319  -242.764
22.8162  -163.49  -278.542
