86.8173  -227.495  -268.743
87.1774  -224.86  -256.512
78.4326  -229.993  -261.33
75.4441  -224.015  -273.03
82.5013  -215.35  -270.75
91.8976  -217.402  -265.104
87.2107  -222.781  -250.456
80.0498  -226.215  -251.8
67.3262  -216.647  -270.861
71.8092  -212.082  -273.863
92.0277  -219.523  -254.833
68.5159  -224.615  -265.622
92.6421  -211.993  -261.574
88.4995  -208.741  -269.85
57.6784  -218.636  -261.95
80.4093  -208.047  -274.559
63.6647  -200.889  -272.221
86.062  -195.729  -268.815
73.2127  -229.243  -255.729
64.7129  -226.488  -248.606
92.5689  -210.828  -245.662
74.4692  -197.012  -274.818
56.3532  -190.954  -274.212
96.0351  -200.75  -254.666
84.2252  -183.564  -268.21
75.1018  -224.41  -241.376
57.2535  -219.565  -243.042
86.9369  -218.192  -239.661
85.2855  -212.286  -233.338
57.2796  -207.763  -269.533
51.0013  -209.387  -257.927
92.5977  -190.49  -254.99
80.2443  -170.767  -266.195
69.826  -222.152  -232.616
49.1764  -213.243  -237.335
93.1798  -201.576  -240.305
82.0126  -204.557  -225.006
50.2366  -199.509  -266.356
43.4529  -199.166  -253.102
69.6477  -185.418  -273.888
48.2335  -180.633  -273.015
91.9358  -191.758  -234.151
74.8773  -196.657  -218.428
41.6887  -192.613  -265.041
35.1779  -195.062  -251.269
63.5154  -173.084  -273.444
39.3467  -171.97  -274.838
92.4452  -177.477  -251.11
75.4698  -158.434  -264.146
63.8474  -214.525  -224.892
45.8653  -203.123  -234.668
57.0682  -161.799  -272.85
34.8814  -164.834  -268.966
89.2574  -165.18  -246.177
82.6286  -156.204  -241.582
58.3983  -206.372  -219.643
39.7594  -198.884  -231.669
88.4282  -180.78  -227.196
66.6081  -189.524  -213.044
38.6071  -183.415  -261.633
29.3803  -188.619  -247.008
67.4262  -153.109  -258.975
72.5663  -148.153  -238.238
53.0861  -197.693  -222.937
35.9164  -192.397  -230.084
80.5128  -172.259  -225.25
73.8243  -159.689  -217.225
33.0927  -179.705  -261.063
26.7518  -187.977  -243.457
50.2477  -155.732  -267.486
32.1444  -161.692  -263.233
45.9566  -190.156  -221.99
31.9349  -188.399  -228.365
56.2549  -177.197  -214.901
56.2663  -158.893  -223.983
28.9283  -175.327  -257.902
27.0118  -174.028  -251.634
42.6029  -148.414  -264.161
32.821  -160.169  -255.421
59.4296  -146.048  -253.811
55.9285  -148.507  -234.753
41.5712  -152.843  -258.235
19.7466  -184.42  -238.404
40.6575  -181.833  -224.1
46.9354  -172.633  -220.026
49.2709  -144.967  -248.698
