46.8172  -215.93  -284.094
50.0826  -219.258  -274.994
38.7771  -222.296  -279.116
37.5289  -213.338  -287.065
46.6116  -206.998  -289.84
55.2421  -209.503  -282.989
51.1497  -217.879  -266.309
40.973  -219.976  -268.532
34.2921  -207.678  -282.699
37.8985  -203.292  -285.596
56.8421  -210.544  -272.2
30.4974  -215.331  -280.611
57.4681  -202.672  -278.131
52.6798  -199.55  -284.781
26.1367  -206.45  -272.323
45.4117  -199.307  -287.89
32.0396  -192.589  -284.114
53.1788  -186.226  -280.545
35.169  -218.716  -272.407
30.9954  -211.588  -263.18
59.9562  -201.552  -261.214
42.7607  -187.269  -285.206
26.1021  -181.249  -282.621
59.7812  -191.844  -271.866
53.3311  -174.22  -275.236
36.9415  -216.529  -255.932
27.2956  -204.29  -254.621
50.9828  -212.208  -253.587
50.036  -204.69  -243.391
26.647  -198.791  -278.768
19.9532  -198.738  -265.293
62.0558  -180.281  -265.168
51.0869  -162.672  -267.93
33.4726  -211.354  -245.424
21.2918  -198.167  -246.128
60.3977  -191.864  -251.726
48.6844  -195.52  -232.519
20.4065  -189.476  -273.089
15.1103  -189.75  -258.41
41.0246  -174.793  -282.052
19.2436  -168.264  -281.69
60.3575  -181.524  -242.662
44.3622  -185.181  -223.888
15.7527  -179.558  -266.661
10.8917  -181.757  -252.079
37.9996  -160.894  -277.566
11.8139  -155.051  -278.555
60.9228  -168.354  -257.153
49.2135  -150.419  -261.161
30.6378  -201.795  -236.111
18.2964  -189.502  -240.017
34.5098  -149.533  -271.206
9.26332  -147.642  -272.016
56.7641  -157.834  -248.799
51.5889  -150.527  -242.719
28.4465  -192.184  -230.072
15.4018  -182.989  -234.895
57.131  -170.93  -233.474
39.1778  -176.714  -219.617
7.86384  -171.892  -262.636
7.75142  -175.974  -246.544
44.8722  -142.241  -254.814
47.2759  -142.396  -236.62
25.2041  -183.965  -226.165
12.402  -177.986  -230.827
54.1272  -162.325  -226.887
45.0274  -155.044  -223.386
4.33094  -165.378  -256.731
1.26664  -171.617  -240.472
29.9919  -138.683  -267.169
5.71145  -142.406  -259.975
21.4506  -177.541  -223.992
11.4274  -173.889  -230.264
31.9046  -167.328  -220.16
37.1869  -153.461  -221.695
3.07497  -160.309  -249.84
2.85572  -155.205  -239.109
23.8807  -131.171  -257.069
7.66768  -147.087  -256.749
39.0277  -136.517  -247.259
36.967  -141.057  -236.639
25.1168  -136.371  -252.566
0.178386  -167.728  -234.65
19.1474  -172.7  -218.335
24.2891  -161.442  -219.785
33.0179  -139.207  -242.514
