70.7864  -193.626  949.825
75.3098  -196.438  957.92
63.4914  -195.499  957.458
62.2038  -190.938  951.293
68.8655  -184.217  944.669
74.5876  -183.449  953.643
76.9815  -194.52  967.335
65.2493  -198  964.24
55.4231  -190.568  950.663
58.4334  -184.39  945.846
74.7797  -183.92  961.906
57.2179  -193.932  957.501
76.8835  -176.141  955.861
71.0522  -175.26  950.37
48.7118  -191.052  959.247
65.0299  -177.16  944.713
49.9813  -175.768  945.988
67.6465  -163.383  952.586
60.1055  -199.214  961.943
53.3648  -197.683  967.713
79.4174  -174.704  970.64
60.3648  -166.996  943.527
41.0155  -166.584  944.25
75.3987  -165.811  960.647
63.9752  -153.273  957.484
61.7589  -200.953  975.479
46.7562  -192.556  973.492
73.0588  -188.407  977.166
71.4119  -182.056  985.608
45.5113  -185.861  951.376
40.9249  -186.827  963.074
72.7294  -155.381  965.611
59.5234  -143.194  961.689
56.8107  -197.558  983.716
37.9127  -189.104  980.03
77.3034  -165.351  977.771
66.1185  -173.374  992.887
38.6433  -179.242  954.66
36.8904  -179.341  968.046
55.212  -156.642  947.129
33.8428  -159.53  944.455
71.8627  -156.704  983.021
60.7099  -165.073  1000.27
35.5344  -171.911  961.43
32.7383  -173.092  972.142
49.9547  -146.509  950.598
30.1832  -151.542  950.323
68.7011  -145.084  970.696
53.613  -134.932  966.072
51.4549  -192.08  993.544
36.5692  -180.929  983.172
43.9771  -136.292  954.045
27.1525  -145.695  951.595
61.6817  -137.831  976.021
57.3453  -131.571  979.929
45.2266  -184.217  1001.46
33.708  -174.573  985.113
67.8563  -147.644  989.876
54.7975  -159.367  1005.13
29.9525  -164.317  963.595
27.7262  -167.665  974.777
48.9905  -129.082  970.7
51.377  -126.509  983.646
41.6987  -175.686  998.994
30.5178  -169.146  988.581
61.8008  -141.612  993.658
53.5462  -136.151  997.719
21.7304  -160.459  967.12
20.9578  -166.173  979.709
36.7601  -129.963  958.722
19.9645  -146.043  954.957
36.2482  -168.496  1000.44
24.822  -168.996  991.953
44.7481  -152.652  1003.01
43.7998  -136.796  997.715
16.9626  -156.178  971.394
16.0652  -152.757  977.483
33.4272  -126.743  964.62
20.9804  -146.514  963.881
43.2403  -124.696  974.626
40.6643  -129.085  987.62
34.0606  -127.603  972.417
15.3385  -165.618  983.826
31.8022  -161.276  1000.5
35.0843  -148.544  1001.79
35.2653  -125.95  980.214
