73.3959  -198.542  -295.288
75.0026  -198.325  -283.25
65.0871  -203.425  -289.149
63.4382  -193.06  -292.678
69.1021  -188.662  -296.395
77.8813  -189.465  -290.065
75.9953  -197.166  -275.35
67.7149  -202.775  -278.523
57.839  -189.923  -292.894
59.9252  -186.048  -297.121
77.9156  -189.765  -280.045
58.161  -195.88  -288.872
78.6117  -183.233  -285.407
74.0307  -181.014  -293.499
47.9019  -192.434  -285.689
65.84  -182.73  -295.456
50.6563  -177.876  -296.774
70.6877  -168.626  -289.711
61.6726  -198.98  -282.667
53.5238  -199.487  -275.334
78.214  -181.061  -269.831
60.4081  -171.661  -296.469
44.278  -168.363  -292.168
77.9103  -172.805  -279.657
67.9905  -156.958  -285.996
62.5579  -202.286  -266.082
45.2154  -194.965  -268.102
75.6342  -193.119  -262.782
73.3294  -186.757  -252.699
47.6456  -183.507  -291.517
41.8491  -184.758  -280.156
76.5118  -161.916  -273.731
64.4447  -144.637  -282.01
57.4106  -195.963  -258.249
37.6397  -189.73  -261.542
78.3146  -172.224  -261.044
68.997  -178.338  -242.873
39.476  -175.942  -287.484
35.029  -176.672  -274.691
55.3769  -160.369  -293.12
34.0897  -159.078  -294.192
75.4032  -162.711  -253.123
61.7521  -169.122  -235.66
31.6514  -166.933  -282.063
27.4307  -171.074  -270.169
49.2937  -146.735  -293.287
25.3306  -149.587  -291.981
71.6416  -151.375  -267.121
60.1018  -132.371  -276.417
50.2936  -192.891  -245.327
33.9983  -180.06  -256.176
42.2449  -136.117  -288.487
19.0889  -141.638  -287.814
67.5865  -140.572  -260.094
61.3358  -133.578  -255.184
44.7725  -181.527  -239.958
31.9361  -171.922  -253.778
69.6372  -153.117  -245.511
54.8267  -161.721  -231.547
23.2087  -160.195  -278.415
22.1337  -165.818  -265.807
52.7058  -124.403  -271.28
53.3967  -127.04  -250.628
40.4305  -175.75  -238.031
26.5975  -167.903  -249.512
64.5663  -145.279  -240.074
54.5279  -139.077  -236.571
17.1112  -156.348  -274.455
15.9336  -162.173  -261.055
35.0251  -129.321  -282.586
16.8129  -138.971  -276.147
35.5343  -166.834  -237.892
22.192  -164.84  -247.274
44.4023  -153.387  -227.954
44.5436  -136.841  -235.075
13.6802  -152.244  -270.182
14.336  -147.485  -259.553
28.7101  -126.338  -274.04
16.4608  -137.138  -269.39
42.857  -119.883  -263.485
41.5522  -126.762  -246.912
27.8655  -127.467  -267.331
13.6149  -158.038  -254.253
31.2167  -159.539  -236.847
30.268  -146.534  -235.095
35.3873  -124.515  -258.58
