64.9151  -209.868  -210.154
62.3149  -208.893  -200.427
53.7055  -212.858  -206.344
54.2685  -207.471  -213.866
64.4393  -200.213  -215.71
67.3331  -199.603  -205.977
60.2847  -207.04  -194.204
52.6004  -210.761  -198.521
46.8852  -201.853  -213.73
53.5852  -198.922  -218.943
66.7634  -200.206  -197.762
46.4206  -208.161  -209.827
68.8379  -193.08  -203.046
66.8141  -191.529  -210.639
35.6705  -203.722  -208.667
61.925  -192.645  -217.703
44.8501  -189.602  -222.097
63.3178  -178.543  -207.95
47.5757  -210.825  -202.533
37.9028  -209.618  -198.754
64.6112  -190.488  -190.86
57.0147  -181.916  -218.537
37.7354  -179.758  -220.453
65.6355  -182.294  -200.037
59.0384  -167.157  -205.676
43.6402  -209.561  -190.456
29.2722  -203.62  -194.91
56.3846  -202.469  -184.544
51.0795  -195.794  -176.761
35.4463  -198.983  -216.372
28.1498  -195.621  -205.465
64.6855  -171.301  -196.355
53.8588  -156.387  -204.847
36.5281  -204.165  -183.967
21.4835  -196.611  -192.451
62.4317  -180.932  -183.64
45.8809  -188.767  -165.962
31.651  -186.92  -211.662
18.9758  -188.864  -204.647
50.5659  -170.753  -216.005
29.4431  -170.116  -225.231
60.4684  -170.465  -177.514
36.6574  -178.716  -161.917
20.5803  -179.362  -211.424
14.8123  -178.589  -200.948
44.9884  -156.625  -219.18
21.7621  -161.159  -227.903
60.9368  -159.612  -192.882
48.3643  -145.546  -202.532
27.7824  -198.685  -176.973
15.5636  -189.042  -189.564
38.721  -146.68  -218.024
14.2466  -152.117  -225.644
54.4123  -149.229  -188.884
48.1135  -141.129  -186.005
21.6044  -190.612  -173.836
12.8711  -180.854  -188.081
53.9325  -159.122  -170.765
29.0284  -169.624  -159.742
12.8799  -172.516  -212.063
6.55057  -177.402  -200.775
42.2399  -137.789  -201.626
38.3898  -135.768  -185.104
15.1202  -183.324  -173.321
7.66352  -175.498  -186.639
45.4321  -151.795  -170.478
34.7034  -141.566  -166.337
7.63533  -167.235  -210.5
-2.29856  -173.574  -199.309
30.6149  -139.351  -215.506
7.81506  -147.585  -213.891
13.0417  -174.415  -179.017
3.27098  -173.881  -185.273
17.4565  -160.344  -163.417
21.0449  -143.367  -176.178
5.08265  -161.076  -205.36
2.58977  -158.088  -198.145
22.3944  -134.223  -211.32
7.06822  -146.603  -209.752
33.0454  -131.063  -197.568
23.9023  -138.237  -185.487
15.1327  -137.527  -206.442
-5.74601  -168.052  -193.665
4.93232  -166.295  -177.162
7.78939  -154.48  -176.946
21.9185  -133.547  -195.313
