69.77  -248.494  213.47
72.1125  -246.877  222.402
60.9332  -250.394  219.232
58.362  -250.435  209.429
69.4431  -241.836  204.307
75.8012  -239.284  214.938
74.4398  -245.461  229.611
63.3485  -250.379  227.494
48.4455  -244.795  209.085
56.2413  -241.883  199.845
76.9015  -237.86  222.807
51.3739  -248.621  216.14
77.4324  -232.016  216.922
74.233  -231.858  207.447
41.1905  -242.069  219.196
66.6371  -233.834  198.675
46.2019  -232.791  195.338
72.6888  -217.99  206.137
55.5709  -250.743  223.806
47.283  -246.592  229.624
78.7558  -227.308  228.533
61.2961  -221.644  197.525
36.7665  -220.112  197.149
79.9204  -220.659  218.344
69.6941  -205.863  207.333
57.8781  -247.798  237.821
40.5783  -238.661  233.41
73.3575  -238.134  237.972
70.4103  -229.026  243.521
39.1486  -236.191  211.138
34.4956  -232.105  221.575
75.7046  -209.535  221.434
65.1676  -193.598  210.36
52.3544  -244.373  250.077
34.343  -227.517  236.792
77.077  -216.794  232.576
66.4251  -219.144  250.229
31.958  -227.642  211.709
26.466  -223.314  222.684
55.6154  -210.099  197.235
32.8737  -212.189  199.07
74.4817  -206.222  236.211
60.2652  -209.068  255.816
27.4624  -213.308  209.024
27.2276  -217.72  220.449
49.4653  -196.752  196.642
24.1379  -201.612  198.592
73.3204  -197.788  223.729
59.0351  -182.776  214.002
46.0588  -233.527  255.241
29.612  -222.068  239
43.0091  -185.088  199.231
15.091  -193.122  196.443
68.3108  -186.45  226.489
62.4242  -178.85  228.476
40.9163  -225.123  258.569
28.9968  -211.933  247.02
70.2066  -195.148  240.817
53.412  -200.433  259.674
20.4841  -202.979  211.087
22.5381  -212.991  227.327
52.9304  -174.16  214.64
54.7651  -171.971  230.322
35.3177  -214.679  257.692
23.903  -207.202  240.573
63.8206  -187.533  242.463
55.8834  -178.245  245.747
14.0061  -202.035  220.874
16.575  -207.318  226.263
35.9565  -175.702  200.783
15.6909  -189.231  203.63
30.5718  -206.808  253.17
13.1529  -205.765  241.732
41.1053  -191.248  257.412
42.7603  -176.732  245.07
12.2667  -196.769  220.999
14.5249  -198.673  227.139
28.6224  -171.032  208.869
14.441  -189.628  213.244
45.1471  -165.436  219.453
43.4921  -169.469  233.539
28.2983  -170.493  214.094
12.0262  -205.025  237.521
26.9927  -200.708  250.983
29.4255  -186.69  248.391
33.7215  -166.601  225.118
