74.3393  -195.442  -228.101
75.3399  -195.65  -217.995
67.4666  -200.959  -220.936
64.4067  -197.307  -230.667
69.6802  -185.966  -232.455
75.375  -184.69  -224.287
75.1932  -194.518  -210.597
67.3461  -199.528  -213.105
56.4257  -194.338  -227.021
59.2555  -187.331  -231.737
76.7804  -185.372  -215.47
59.4115  -199.053  -222.09
73.9379  -178.046  -220.329
70.0134  -176.685  -226.362
50.2988  -195.189  -215.747
64.4742  -179.043  -230.945
48.6567  -179.947  -228.347
63.4598  -164.944  -221.954
63.8121  -199.546  -215.178
55.7955  -199.66  -208.015
76.1496  -176.015  -205.733
56.298  -169.891  -226.749
39.4626  -171.612  -225.071
69.9262  -167.661  -214.885
56.7735  -155.212  -216.465
61.3247  -197.885  -203.163
47.412  -197.438  -200.488
72.5874  -190.707  -198.814
71.3621  -186.518  -186.385
46.8886  -189.328  -222.085
42.533  -189.186  -209.555
65.383  -156.738  -209.215
50.0836  -144.062  -211.466
55.7621  -196.199  -193.658
39.2204  -192.604  -193.297
73.6942  -166.771  -196.032
64.5647  -178.464  -175.953
36.676  -184.629  -218.391
31.5585  -186.545  -204.3
48.2747  -159.217  -224.893
29.6227  -163.76  -221.44
67.6731  -157.321  -187.75
55.0805  -170.75  -167.332
27.757  -177.963  -212.464
25.2869  -180.23  -198.707
39.453  -148.849  -220.568
19.2455  -156.427  -219.189
60.0796  -145.249  -202.332
42.7745  -132.997  -206.962
48.6237  -191.133  -184.066
31.73  -188.179  -187.515
30.3996  -139.608  -216.514
11.0861  -150.474  -214.756
53.2397  -135.518  -194.652
46.1567  -128.639  -188.795
41.9667  -186.858  -176.002
28.0573  -179.91  -184.651
58.8237  -149.156  -179.275
45.0898  -164.595  -164.331
17.3034  -173.38  -208.735
17.877  -178.041  -194.081
34.9108  -126.567  -201.986
35.5354  -125.069  -183.445
34.9483  -179.238  -175.06
21.2203  -179.857  -179.648
51.1787  -142.938  -173.62
39.1047  -139.354  -169.372
7.37036  -170.534  -205.958
9.80982  -176.321  -188.914
21.7018  -133.524  -211.985
3.74006  -147.066  -205.998
27.9267  -175.734  -170.505
13.897  -174.646  -174.807
32.3996  -158.758  -164.229
25.0027  -142.598  -172.961
0.180306  -166.066  -198.535
1.83673  -160.684  -189.05
14.4192  -131.56  -202.741
6.8823  -147.067  -196.111
25.7897  -124.505  -194.502
25.3255  -135.146  -181.864
13.4981  -133.521  -196.587
8.4458  -172.033  -184.869
19.7336  -168.649  -167.481
18.1447  -155.079  -167.976
20.9217  -128.983  -190.275
