96.5474  -199.464  715.406
96.6171  -197.688  727.546
87.1535  -198.186  721.985
83.9796  -195.331  713.231
97.1371  -186.32  703.184
101.309  -188.29  721.43
95.7959  -195.022  734.432
88.2362  -197.605  730.553
75.9957  -191.123  711.965
79.6072  -187.305  706.591
100.507  -187.862  730.036
78.7176  -195.842  717.391
103.291  -180.847  725.378
102.738  -171.151  711.299
68.9265  -191.269  719.509
86.4877  -178.093  702.828
70.8417  -177.471  701.524
99.7542  -155.292  710.932
83.1183  -198.019  726.173
75.2777  -196.112  731.193
101.394  -178.87  739.802
82.4779  -172.973  701.454
61.7926  -169.338  704.498
104.926  -168.949  729.472
93.7558  -141.792  713.997
82.8341  -195.92  738.381
67.1755  -192.22  735.03
92.8611  -188.931  743.174
89.709  -183.025  750.904
65.9976  -184.598  711.841
60.0774  -186.635  722.359
101.486  -158.14  732.66
87.1168  -125.855  720.264
77.2663  -191.693  744.634
59.6611  -185.733  739.571
98.8557  -169.825  747.025
84.4924  -174.763  757.833
58.6788  -177.7  713.559
54.6488  -176.719  725.525
73.313  -157.377  697.582
52.9848  -159.485  707.057
95.473  -160.055  753.502
78.5244  -167.902  766.21
51.0654  -167.336  718.775
48.1219  -170.377  728.356
63.5541  -140.227  700.72
43.7986  -150.173  702.535
98.0192  -143.583  741.387
76.5269  -119.114  727.763
69.8459  -187.265  753.249
54.5384  -177.313  741.737
57.4956  -131.871  705.874
36.7629  -141.596  704.609
85.9588  -133.403  746.154
78.2792  -127.523  747.18
64.1727  -179.469  756.505
50.1465  -171.615  743.958
85.9211  -149.393  758.082
70.495  -160.095  768.205
40.7386  -162.091  717.001
41.3643  -165.79  730.118
63.2077  -117.03  727.677
67.2028  -122.704  748.065
57.6128  -174.284  759.373
46.2331  -165.727  745.298
80.5829  -141.291  761.236
68.6994  -135.67  762.205
35.2718  -157.241  719.665
32.8419  -164.028  733.774
49.8079  -125.967  711.699
32.5358  -138.804  716.443
53.6818  -166.037  756.459
38.8935  -168.419  747.635
59.5014  -152.509  764.766
57.5399  -136.873  756.297
32.6977  -153.802  722.816
30.158  -148.721  730.443
44.2581  -125.994  720.744
34.9073  -139.429  722.937
56.2277  -119.001  732.789
55.648  -127.658  745.802
44.0134  -128.192  726.793
33.5816  -161.97  733.336
44.4168  -159.271  758.921
47.2974  -146.967  757.83
52.4471  -124.674  733.19
