69.4777  -208.411  -237.4
75.9493  -207.385  -229.495
64.3923  -220.19  -231.579
60.0942  -215.798  -237.572
66.0363  -202.544  -243.123
71.6665  -201.086  -236.311
77.7461  -204.514  -216.683
70.5868  -219.879  -220.269
49.5766  -213.362  -237.17
59.1518  -207.104  -243.533
74.4497  -199.351  -232.812
57.7017  -218.606  -231.024
70.1423  -191.788  -238.599
65.4966  -198.409  -242.216
49.2697  -217.904  -223.973
61.372  -200.378  -243.264
47.7075  -207.349  -244.415
59.763  -187.28  -243.759
60.4568  -218.663  -224.1
51.0458  -216.715  -216.03
74.9133  -184.347  -222.465
57.7538  -192.723  -247.274
35.8404  -200.036  -243.612
68.3156  -187.51  -237.343
54.8857  -177.511  -244.983
65.81  -217.716  -207.259
38.666  -214.39  -208.979
78.7532  -201.68  -208.029
67.6763  -192.779  -194.419
44.147  -213.371  -235.474
36.6268  -213.431  -218.839
63.8899  -170.083  -235.203
48.2008  -167.845  -244.367
59.852  -205.39  -196.868
34.2424  -209.636  -203.471
75.0987  -177.656  -217.227
59.179  -184.997  -189.557
29.071  -208.73  -233.911
30.1636  -211.044  -212.973
45.3042  -182.583  -248.077
25.1389  -194.462  -243.456
71.9523  -168.932  -213.926
54.5877  -174.715  -186.397
25.416  -202.377  -235.728
22.0124  -203.196  -209.087
36.0222  -173.245  -248.364
15.0953  -189.311  -242.574
56.9486  -159.343  -231.162
41.4259  -157.515  -241.861
49.9128  -202.879  -193.279
26.906  -204.074  -201.23
27.2476  -164.905  -246.432
4.46738  -180.853  -244.72
54.388  -153.362  -228.859
44.8879  -144.979  -219.978
43.0866  -195.272  -190.998
22.1188  -198.966  -198.109
63.6248  -156.466  -206.182
42.1332  -167.048  -186.86
15.7085  -199.054  -233.297
17.6418  -198.449  -205.832
31.3081  -152.221  -239.458
34.8491  -141.223  -217.79
36.1709  -185.723  -187.001
18.8222  -195.787  -197.385
52.1671  -149.942  -203.255
37.2779  -145.919  -207.603
5.82889  -191.158  -222.234
11.2454  -192.587  -203.631
17.6549  -158.952  -243.081
1.53062  -176.352  -229.544
32.2364  -182.448  -185.201
17.8121  -188.362  -195.789
27.1506  -165.74  -190.915
27.9643  -155.972  -203.778
3.31041  -186.16  -218.232
3.16892  -176.467  -215.469
13.6022  -157.207  -238.42
5.16581  -173.337  -221.051
21.8644  -144.494  -228.174
27.888  -150.645  -208.613
15.8096  -156.943  -230.514
6.01728  -192.535  -200.712
22.5874  -181.303  -188.062
22.0762  -175.375  -188.515
19.1018  -152.21  -225.515
