77.4092  -199.591  -370.229
81.103  -199.898  -357.104
64.4675  -205.075  -363.781
61.1181  -200.238  -371.045
73.4649  -188.235  -375.332
81.3081  -190.635  -363.091
77.3638  -196.026  -344.378
67.9404  -203.477  -354.266
53.1548  -187.903  -365.51
59.918  -190.48  -375.222
82.566  -189.929  -357.506
59.6833  -198.763  -363.524
83.1051  -178.467  -362.16
75.8628  -181.918  -373.513
51.6373  -195.061  -357.405
65.2665  -183.723  -378.798
49.8004  -183.587  -369.668
67.9622  -167.491  -368.513
61.6562  -201.883  -357.828
53.2573  -197.06  -349.954
86.2572  -177.121  -338.22
63.3529  -172.614  -372.375
37.0349  -170.589  -365.669
88.2296  -173.339  -357.437
62.8941  -154.828  -364.763
64.1418  -200.447  -343.129
39.9109  -190.2  -341.682
75.4032  -193.298  -338.286
67.1803  -185.122  -323.2
44.8069  -187.644  -365.577
39.1121  -185.248  -350.915
84.7655  -149.28  -347.459
58.1861  -138.819  -362.326
60.2738  -193.747  -326.915
33.2421  -186.947  -332.362
85.2848  -172.122  -330.482
60.2304  -175.283  -314.822
33.5361  -175.247  -358.503
29.5304  -184.842  -344.205
48.7493  -156.268  -369.277
28.6243  -161.576  -359.581
81.7187  -160.563  -323.033
54.6302  -168.739  -302.723
28.5205  -169.113  -355.613
26.4886  -168.44  -337.395
40.9222  -142.912  -367.223
21.3072  -153.123  -353.827
76.2999  -136.292  -337.933
54.4274  -124.033  -354.031
50.2678  -191.038  -319.273
30.0183  -174.305  -331
32.812  -130.089  -360.392
10.7353  -143.524  -355.923
71.9274  -132.18  -332.43
60.6938  -121.925  -319.31
43.7886  -179.992  -314.269
23.6232  -168.474  -326.064
72.4607  -142.986  -316.254
47.6679  -154.479  -297.029
24.0913  -158.644  -348.796
18.8333  -164.208  -332.209
42.6796  -116.864  -348.937
48.744  -115.306  -316.552
37.3074  -169.445  -305.419
17.7727  -165.331  -322.392
63.2651  -133.878  -312.242
49.5932  -125.199  -305.213
8.64659  -152.647  -342.294
11.6244  -159.734  -330.494
23.567  -121.265  -353.782
3.8935  -139.455  -344.761
32.1675  -158.452  -307.131
10.4484  -165.421  -319.437
32.2806  -145.677  -298.584
31.3203  -128.744  -309.96
6.8291  -149.261  -339.296
7.07274  -143.863  -333.205
20.4072  -124.466  -344.75
6.65  -137.658  -336.462
31.6727  -111.778  -332.587
31.8637  -121.814  -312.445
20.3263  -120.89  -335.322
5.30875  -158.634  -322.638
22.0934  -156.253  -307.44
22.2977  -144.739  -304.884
26.4816  -119.914  -327.912
