83.3163  -186.153  -315.251
85.3039  -187.997  -303.339
74.7356  -195.394  -307.79
71.429  -186.612  -317.413
79.4812  -174.774  -318.605
84.8019  -174.329  -309.709
85.5919  -187.858  -294.39
75.8421  -195.205  -296.093
61.2465  -183.867  -314.842
67.6357  -175.107  -319.821
85.5917  -176.476  -300.663
64.0508  -190.448  -307.976
83.2715  -168.774  -304.849
80.2338  -167.058  -309.175
52.1412  -188.758  -300.429
75.704  -167.62  -315.188
55.833  -166.759  -318.53
75.1012  -156.212  -303.36
68.128  -195.858  -299.739
58.942  -196.275  -289.487
85.64  -168.226  -290.653
69.8753  -156.449  -313.956
42.2422  -154.353  -317.913
78.5425  -159.745  -298.508
72.7764  -144.982  -299.235
68.864  -195.8  -282.46
51.3523  -190.462  -280.524
83.6053  -185.252  -280.786
81.5162  -180.869  -268.501
49.1427  -179.612  -309.752
41.0131  -185.375  -293.656
77.1353  -149.213  -293.7
67.9294  -134.688  -294.187
62.7737  -193.441  -271.259
44.6223  -183.882  -272.434
82.7009  -160.247  -281.953
76.7888  -174.274  -256.078
37.6308  -174.459  -305.811
34.9087  -177.259  -285.012
62.6877  -146.19  -309.528
32.9725  -146.542  -317.804
79.9782  -151.966  -272.472
67.255  -166.585  -246.793
25.5238  -169.445  -301.374
28.8106  -171.095  -278.048
56.5302  -135.271  -303.006
23.1769  -139.273  -312.297
73.2608  -140.363  -287.229
59.9643  -127.571  -287.854
55.618  -187.24  -261.244
38.6766  -177.314  -265.939
47.6618  -125.699  -298.004
18.0224  -131.991  -300.107
67.1798  -132.438  -279.553
60.5755  -128.969  -273.49
49.0056  -179.837  -254.718
34.4313  -169.851  -261.103
76.0882  -143.566  -260.977
57.9629  -160.087  -241.749
16.3917  -163.793  -294.786
22.8898  -167.015  -271.971
53.1927  -124.298  -280.542
54.0485  -124.663  -267.923
42.561  -170.17  -254.129
26.844  -170.644  -255.35
69.1997  -135.874  -253.368
56.6854  -133.506  -249.923
10.4481  -158.865  -287.82
15.364  -165.34  -265.946
39.8808  -121.403  -290.404
11.5823  -130.752  -286.861
35.2771  -168.541  -247.858
21.1537  -176.609  -251.687
45.0743  -153.724  -242.712
47.2069  -134.27  -247.325
9.62707  -152.852  -280.927
12.0565  -150.1  -267.776
31.8422  -118.667  -283.205
12.981  -135.398  -278.366
46.3264  -119.034  -275.48
44.5246  -125.826  -260.767
26.7651  -119.23  -273.174
10.4633  -164.221  -259.152
30.8188  -163.71  -241.536
32.2798  -149.752  -242.559
36.4907  -121.43  -268.385
