64.5938  -160.518  -324.511
66.9039  -159.568  -313.242
58.7303  -165.428  -317.746
53.7161  -161.381  -325.963
60.9009  -153.413  -332.359
68.8765  -151.72  -321.303
65.1195  -155.778  -306.792
61.1656  -162.663  -308.223
46.89  -156.814  -322.895
48.3158  -153.586  -325.915
68.4579  -151.501  -310.359
49.1909  -161.061  -318.859
69.406  -145.551  -317.056
63.7472  -144.662  -325.746
41.2991  -160.496  -314.746
55.4759  -147.348  -329.501
40.1037  -143.785  -325.374
59.2087  -134.38  -322.299
55.3018  -165.49  -312.197
49.5606  -165.892  -304.258
67.148  -144.395  -301.257
48.9579  -139.016  -328.847
35.325  -142.397  -322.897
67.1271  -136.959  -311.201
55.0027  -126.352  -316.722
58.7039  -162.051  -297.538
42.1699  -166.737  -296.464
64.2498  -150.668  -296.263
63.3016  -145.891  -290.016
38.7156  -152.64  -319.683
34.6971  -156.792  -309.705
63.1937  -129.928  -304.82
50.2375  -118.372  -310.862
55.7017  -160.447  -288.768
36.9273  -160.483  -289.32
63.0813  -137.686  -294.095
61.28  -140.125  -281.695
32.7664  -148.742  -315.208
26.5219  -155.007  -302.586
43.0422  -130.77  -325.583
25.7567  -135.144  -318.552
62.4547  -131.045  -287.213
55.3206  -135.802  -275.182
23.9776  -145.157  -310.599
21.2639  -152.13  -297.769
36.2612  -123.824  -318.688
18.07  -129.673  -316.093
59.2626  -122.902  -298.935
44.1055  -112.091  -305.008
51.8685  -157.135  -279.056
30.9872  -157.808  -283.617
29.6004  -115.451  -316.18
12.2803  -125.62  -312.411
54.4831  -115.413  -292.646
48.6941  -112.419  -289.279
47.8693  -153.909  -270.526
27.1102  -154.942  -279.956
56.6783  -126.996  -281.253
51.5333  -133.379  -268.813
14.4484  -142.282  -308.239
15.8537  -148.839  -292.854
38.7148  -107.765  -300.064
43.4913  -109.215  -285.648
42.0016  -147.588  -269.049
21.5156  -155.623  -275.13
53.902  -122.034  -276.636
48.3905  -118.49  -272.977
9.92569  -138.495  -305.039
9.41679  -146.812  -289.047
23.792  -112.186  -310.212
7.02527  -122.367  -306.238
36.0656  -143.389  -266.967
17.6582  -150.813  -270.089
43.7581  -129.321  -264.49
35.4058  -117.546  -272.241
5.36251  -135.998  -300.224
7.50121  -130.578  -287.311
18.8141  -110.281  -303.776
10.7633  -120.51  -295.962
32.6601  -106.29  -295.247
32.6964  -111.242  -280.764
17.5585  -112.081  -294.272
9.18211  -143.857  -282.679
28.5713  -137.674  -264.239
33.4148  -127.586  -265.61
25.3126  -108.284  -288.787
