80.9132  -213.731  843.858
82.0852  -212.438  856.875
70.6745  -219.912  850.455
69.2542  -210.135  842.833
73.2024  -203.298  841.141
80.7164  -202.844  848.206
78.1803  -208.313  864.279
71.5841  -216.561  862.391
62.3683  -206.695  842.994
64.4549  -202.026  843.516
79.8051  -201.682  857.729
63.0315  -212.762  848.164
80.7257  -196.792  851.23
75.4187  -196.712  846.041
50.2749  -212.114  851.092
70.0239  -198.407  844.24
57.9311  -195.16  838.311
72.7122  -185.662  846.875
64.6432  -218.163  856.718
54.5526  -216.476  864.428
78.004  -192.475  865.77
65.1616  -189.669  841.206
50.2297  -187.121  837.013
78.427  -186.535  854.705
68.7386  -175.56  849.15
64.4704  -213.313  874.146
43.2485  -213.499  871.219
74.4817  -201.639  874.696
69.9699  -193.876  881.843
52.2866  -202.032  842.993
39.9002  -206.557  854.686
76.3648  -176.184  858.788
64.6899  -164.193  850.372
58.8163  -208.503  884.935
36.3705  -205.854  877.775
75.5436  -183.135  872.664
64.1383  -185.004  888.472
43.4937  -195.892  844.393
32.4032  -198.834  859.325
60.8307  -178.816  840.258
42.1291  -178.935  840.531
71.9167  -173.631  878.781
57.0499  -176.997  894.695
32.6399  -190.26  843.611
28.5553  -190.482  862.902
54.8618  -167.967  839.787
34.3439  -170.772  839.561
72.1321  -165.504  863.099
58.1473  -154.503  853.813
50.881  -199.647  890.32
31.7258  -197.131  880.111
47.3923  -158.634  843.105
28.1859  -163.737  844.014
65.4466  -155.985  868.021
58.9808  -149.555  871.333
44.9348  -191.65  894.722
28.7029  -189.934  882.303
63.819  -165.347  883.229
50.2139  -170.58  897.505
26.4936  -182.337  847.847
22.678  -185.431  865.997
52.3857  -146.892  856.807
51.1166  -144.674  874.087
40.1987  -183.444  894.037
24.6519  -184.942  884.962
57.2504  -158.956  885.748
50.1491  -152.857  888.905
24.0358  -174.966  854.645
19.1197  -178.597  870.15
40.5556  -151.537  845.925
17.8813  -156.978  845.517
35.6485  -176.432  890.24
21.4691  -177.133  885.089
41.4554  -164.387  897.146
38.5232  -149.686  888.175
16.1493  -170.819  857.549
15.6875  -162.645  869.945
32.9502  -144.999  849.174
19.0234  -155.727  855.234
45.7954  -137.761  860.277
40.3744  -141.522  879.038
30.5763  -142.85  857.721
12.0857  -178.877  874.567
27.6897  -169.747  893.023
28.6155  -158.872  891.003
35.768  -137.108  865.857
