68.9141  -258.445  629.776
69.2244  -254.963  640.159
59.6933  -260.056  637.82
59.0188  -252.95  628.786
68.5108  -250.447  617.886
75.7607  -247.152  629.607
69.1539  -251.808  646.209
61.1377  -256.235  645.531
50.7296  -249.651  627.054
56.5272  -245.17  620.603
74.7453  -245.427  639.308
53.6791  -252.798  634.109
79.0699  -238.683  630.548
74.8009  -238.174  620.357
43.9197  -246.634  636.767
65.4064  -239.198  616.644
47.2177  -234.377  615.557
73.2296  -222.124  618.171
56.1088  -255.585  643.514
47.6519  -251.395  649.783
81.5683  -234.656  645.884
61.1422  -226.854  612.148
41.7552  -221.706  615.188
83.6755  -225.45  630.703
73.065  -208.005  615.38
55.7656  -251.801  655.394
40.4473  -245.103  653.026
70.371  -245.798  657.344
68.0073  -235.422  663.794
42.1605  -240.569  628.386
34.9636  -239.233  639.219
83.13  -210.528  631.6
69.166  -191.957  617.573
50.133  -246.035  663.573
32.6944  -236.969  657.611
83.9197  -223.16  651.685
66.0575  -226.038  671.324
35.7489  -230.401  628.432
30.6551  -227.603  641.146
56.6957  -212.621  607.535
33.506  -209.893  612.947
84.8906  -207.037  658.397
60.4261  -211.653  680.379
27.6294  -220.345  628.938
22.5147  -220.836  643.329
51.9472  -195.864  604.807
26.4845  -199.416  611.47
79.179  -195.355  633.882
65.7757  -177.791  619.532
44.9737  -236.187  669.212
30.9473  -225.855  658.044
46.1369  -183.847  607.127
20.1178  -188.927  612.479
73.7099  -182.058  637.223
67.7046  -173.134  639.14
40.3031  -227.917  673.654
26.65  -219.725  659.682
75.143  -191.255  660.712
52.9077  -200.343  678.234
20.1369  -211.458  629.542
18.8354  -213.195  645.522
58.6333  -168.22  620.161
60.5252  -161.24  642.004
36.7264  -217.648  670.912
22.788  -212.798  660.968
68.8063  -182.745  661.034
59.6014  -171.128  665.14
16.4562  -202.749  633.314
9.74828  -208.928  648.544
38.0385  -171.578  609.686
18.7105  -181.522  622.289
32.3657  -209.52  667.578
19.2756  -207.018  660.136
42.7935  -191.386  674.091
46.3735  -168.788  655.525
16.1395  -196.476  637.7
13.4972  -189.845  641.638
36.0843  -170.938  621.658
22.0352  -182.044  627.941
48.6493  -160.714  627.027
44.1963  -163.618  645.844
34.4065  -168.277  626.1
11.1134  -201.992  651.505
27.7864  -200.073  671.892
31.6051  -185.214  666.289
42.056  -163.897  632.601
