71.6003  -202.001  866.131
75.1918  -206.359  879.075
62.3366  -205.763  871.938
61.9595  -197.965  864.873
69.785  -192.953  861.841
76.5502  -193.23  871.441
69.1529  -202.235  888.017
60.7102  -205.479  882.192
56.842  -197.348  861.918
61.1812  -192.938  858.927
75.5274  -194.095  882.794
56.8781  -200.004  869.339
75.8452  -185.904  875.712
72.6105  -184.81  866.718
47.7205  -199.18  871.717
68.2913  -186.369  859.001
53.6329  -185.66  856.848
69.1782  -173.254  869.264
57.348  -205.737  876.982
49.6726  -203.374  883.933
72.6312  -185.114  894.348
63.6838  -176.357  859.408
45.8739  -177.359  854.806
73.3256  -176.302  881.472
64.0643  -164.574  874.501
53.3381  -203.15  892.56
42.2888  -199.612  890.105
63.564  -197.493  899.853
56.9892  -190.189  907.211
48.0011  -193.796  862.013
39.7462  -194.861  875.625
68.7614  -166.669  887.207
60.0674  -153.932  878.671
46.4949  -199.392  900.086
35.083  -194.249  895.866
67.4757  -176.967  902.535
50.0981  -182.104  913.824
40.3824  -188.423  864.598
31.036  -190.487  879.772
56.965  -168.299  864.446
38.5999  -169.623  858.029
61.7127  -168.538  909.521
42.7856  -175.569  919.643
34.0179  -181.366  869.282
24.6577  -185.524  883.827
51.3222  -159.007  867.983
31.4526  -162.559  861.149
64.6515  -156.615  893.582
54.4416  -143.959  883.081
40.2685  -192.951  907.766
30.4234  -186.896  900.261
44.3049  -148.861  869.471
25.5049  -156.838  865.981
57.6843  -148.701  899.832
51.0019  -143.585  903.76
34.0861  -187.746  913.941
24.1087  -185.164  903.729
53.3506  -161.363  914.958
37.0599  -171.385  923.975
24.8465  -176.827  870.507
20.8176  -179.941  888.208
47.7015  -137.597  887.053
42.8648  -141.3  905.907
28.8481  -182.493  915.797
19.0951  -182.143  906.852
47.5602  -156.07  918.338
39.4454  -151.804  920.941
19.2002  -172.498  875.042
16.7754  -175.617  893.073
37.3524  -143.558  873.611
17.642  -152.675  872.962
23.7673  -178.65  917.255
13.0872  -178.08  910.277
29.7778  -166.121  924.36
30.5537  -152.598  918.636
15.3957  -168.706  880.809
9.73854  -162.873  894.184
29.7413  -139.261  878.667
16.6399  -151.551  885.794
38.62  -137.022  892.808
31.0286  -143.006  908.582
24.541  -140.094  889.121
9.35589  -173.117  900.936
17.1876  -172.611  919.547
18.7589  -160.925  919.333
29.1469  -137.751  897.361
