56.3463  -191.925  -53.8194
61.5601  -192.562  -43.4781
50.3523  -192.596  -45.4957
47.0414  -186.486  -48.6524
53.1812  -182.354  -56.7805
64.9358  -182.964  -52.1485
63.4412  -189.027  -36.6046
53.4642  -188.141  -32.7252
42.758  -182.596  -44.0929
46.6971  -177.651  -48.8744
72.2784  -184.412  -43.0512
44.8123  -184.888  -44.8112
70.9771  -175.581  -49.7624
61.4615  -172.904  -56.8769
39.1927  -176.853  -40.4093
51.2397  -175.011  -54.9499
37.3708  -171.399  -48.8806
62.0861  -157.764  -55.0777
46.8701  -187.448  -38.9068
45.6955  -183.519  -29.1131
73.6353  -173.696  -32.2234
46.8192  -164.213  -53.0091
31.7305  -161.038  -45.2817
72.3016  -164.475  -43.2144
60.8828  -145.211  -48.7752
53.5389  -186.397  -27.2027
39.0557  -178.383  -22.0103
67.1747  -185.99  -23.9007
66.6447  -178.341  -14.653
36.9381  -173.735  -41.2343
35.4997  -176.302  -33.2223
72.8795  -152.959  -36.5195
59.989  -131.071  -43.7353
50.1744  -183.181  -17.5399
34.9253  -172.229  -11.6172
73.9781  -164.259  -23.5079
66.172  -170.592  -4.22581
32.5927  -169.87  -35.7057
31.5386  -166.618  -27.3639
42.9863  -153.43  -50.5921
26.5692  -154.831  -40.0102
74.4479  -154.513  -15.0872
61.491  -161.531  3.74362
26.4249  -158.746  -25.0812
27.2498  -159.834  -18.9942
36.9179  -138.562  -49.455
15.6711  -145.857  -37.8539
70.4844  -141.867  -28.563
56.6202  -119.739  -34.4996
46.6753  -179.346  -6.16375
31.0973  -163.321  -8.64852
32.7163  -128.851  -39.7856
9.82528  -136.199  -34.3834
66.5949  -132.569  -20.1217
62.2911  -125.714  -13.6991
44.4322  -171.676  -0.132056
28.8404  -157.439  -3.54747
70.7175  -145.158  -6.22197
55.3191  -153.974  6.8541
17.203  -152.04  -20.698
18.5345  -159.946  -14.1667
47.8517  -115.872  -25.7367
55.4433  -120.179  -7.54507
41.2885  -161.698  1.64416
24.3727  -161.08  1.38823
63.1908  -139.15  -1.85923
59.6472  -131.206  7.40367
12.8409  -151.33  -18.4313
18.166  -154.851  -7.16309
28.063  -120.742  -34.1348
13.8483  -135.006  -21.7602
35.846  -158.329  4.88208
22.6655  -158.994  3.85597
46.6175  -147.197  7.91061
45.838  -131.737  6.96735
10.6959  -148.308  -13.6682
13.6052  -145.084  -7.01788
26.2305  -120.441  -22.8153
17.7745  -134.888  -14.6543
42.3238  -113.54  -16.4856
45.6212  -122.152  -2.50804
27.9355  -125.339  -14.6704
13.9095  -155.677  3.16072
30.3058  -152.172  10.8959
35.2163  -142.298  9.96144
35.8183  -121.553  -9.98035
