81.9149  -200.291  1077.09
80.9105  -203.318  1086.05
71.1215  -203.438  1082.51
71.2019  -195.806  1074.97
80.8633  -189.78  1074.71
86.3568  -193.09  1081.54
81.4398  -205.049  1093.13
71.9343  -205.743  1091.17
63.1829  -190.696  1075.24
71.8012  -186.186  1075.68
86.6617  -197.124  1089.31
64.4209  -197.685  1081.71
89.0654  -189.54  1085.63
85.8475  -185.331  1080.85
56.6862  -193.387  1088.29
80.6333  -183.615  1077.79
67.6821  -178.274  1082.69
86.1713  -175.367  1086.48
66.3335  -204.012  1088.26
59.5424  -202.684  1096.48
92.5219  -194.459  1099.38
79.077  -173.76  1077.93
61.0862  -167.868  1078.89
93.5629  -182.434  1091.12
86.213  -166.925  1091.12
66.5838  -208.213  1102.2
53.5068  -199.723  1104.1
81.3248  -205.465  1104.81
80.844  -203.323  1115.26
57.1092  -184.115  1081.67
51.3109  -187.893  1094.93
97.7049  -174.699  1097.68
89.9854  -156.157  1095.29
62.6463  -206.722  1111.73
48.1939  -195.984  1112.01
94.5522  -189.738  1109.12
79.4379  -198.881  1126.04
52.7058  -177.901  1088.02
45.4085  -182.686  1101.28
77.1608  -157.718  1078.09
56.2218  -158.108  1082.99
94.9314  -183.299  1118.39
75.9045  -193.071  1136.02
47.7421  -171.245  1094.22
44.0484  -177.19  1108.28
76.3122  -149.986  1083.82
52.2613  -149.269  1088.12
98.786  -166.112  1105.83
87.4589  -147.771  1103.03
57.3176  -208.418  1125.33
43.582  -192.393  1116.89
72.2699  -142.939  1093.14
48.6598  -143.918  1095.36
95.9101  -158.809  1114.78
92.5199  -152.427  1121.5
54.5165  -202.356  1131.57
41.3526  -189.886  1121.81
93.4236  -176.553  1129.21
71.423  -186.364  1142.05
43.7673  -165.062  1100.39
40.0159  -173.949  1110.43
83.3295  -141.842  1109.38
84.4882  -147.241  1127.13
51.1172  -196.708  1137.06
36.7853  -185.095  1125.77
88.6163  -169.984  1134.78
79.5338  -163.568  1139.12
41.7852  -162.511  1105.77
38.7559  -171.117  1115.79
67.7542  -137.748  1099.89
49.4807  -150.295  1104.25
47.9969  -188.403  1138.81
37.4729  -179.648  1129.25
63.3797  -177.043  1145.16
67.881  -160.992  1137.85
42.8952  -161.001  1111.3
42.8146  -160.461  1116.13
62.2139  -139.462  1110.14
51.3004  -151.008  1110.8
76.6122  -138.125  1117.05
69.8888  -148.046  1131.87
59.9947  -144.835  1114.82
36.6194  -171.334  1124.46
46.8017  -180.782  1142.98
54.5365  -169.902  1140.48
65.2773  -144.22  1121.66
