73.4206  -205.869  -251.201
76.2377  -206.707  -240.562
66.802  -210.722  -245.065
64.021  -205.406  -253.712
68.4151  -198.226  -252.778
74.9329  -196.619  -247.785
74.0572  -204.777  -232.265
67.0591  -210.585  -235.71
60.8365  -201.864  -249.759
61.0168  -198.141  -250.467
78.5723  -197.093  -237.738
60.1783  -206.334  -246.724
75.0881  -190.066  -244.237
69.0284  -190.403  -249.764
52.8007  -203.825  -242.558
64.2117  -192.894  -251.745
54.9987  -191.584  -249.004
64.8902  -179.968  -246.456
62.5935  -209.235  -239.67
56.265  -209.303  -232.455
77.6561  -187.805  -226.832
57.8876  -186.055  -249.704
48.3895  -185.035  -248.39
74.8921  -179.551  -239.556
61.6172  -169.12  -244.625
61.8867  -210.615  -223.91
46.8982  -209.965  -225.968
71.7398  -201.206  -219.996
67.3954  -196.507  -209.215
52.6363  -197.399  -247.539
45.6283  -199.891  -238.079
71.4119  -168.812  -233.497
56.3233  -158.685  -240.98
57.3774  -210.802  -212.234
40.1743  -204.769  -218.916
75.1139  -179.504  -217.819
61.1791  -189.419  -200.548
46.9385  -192.605  -242.967
37.0577  -196.234  -233.551
53.4399  -176.651  -247.649
39.8105  -178.196  -246.952
71.5547  -170.198  -209.164
53.9177  -182.712  -192.623
37.0844  -189.367  -239.713
31.107  -191.37  -228.743
46.6562  -166.612  -246.426
31.9242  -171.987  -244.735
66.9522  -157.773  -227.057
49.3291  -150.285  -235.676
49.4054  -206.545  -202.792
34.4723  -199.421  -214.34
39.161  -157.331  -245.336
24.0136  -167.11  -243.529
59.751  -150.139  -220.292
51.6607  -145.839  -215.148
43.4947  -196.861  -200.762
29.8308  -195.842  -210.704
61.8155  -162.26  -203.299
46.0448  -176.413  -191.889
28.6353  -184.786  -237.195
25.1903  -188.637  -224.552
43.0026  -143.146  -231.99
42.149  -143.722  -211.96
37.7513  -190.43  -198.926
25.5795  -192.338  -207.206
54.4217  -156.498  -198.558
42.8057  -155.423  -198.108
20.5787  -182.064  -235.778
17.8182  -187.901  -219.757
32.3851  -152.577  -240.743
15.9861  -163.165  -238.216
31.9615  -186.147  -197.001
21.1817  -187.447  -204.115
36.9838  -171.723  -194.774
34.7239  -157.723  -199.655
11.7141  -179.483  -232.336
13.5026  -172.986  -221.7
25.7676  -149.224  -235.05
14.591  -160.365  -227.369
34.6574  -142.755  -224.533
31.3106  -148.969  -208.563
22.5274  -150.808  -224.807
15.1897  -185.004  -214.784
26.8682  -180.547  -196.875
24.5635  -168.012  -198.479
27.5789  -148.814  -218.488
