60.4497  -190.638  -312.839
63.4212  -190.893  -302.438
52.7717  -196.465  -303.808
49.6959  -190.071  -310.863
55.4936  -181.348  -313.27
62.6048  -180.827  -309.747
63.3063  -189.294  -294.255
56.4044  -196.878  -294.152
40.5134  -189.357  -310.207
46.4167  -182.088  -313.526
68.247  -181.692  -302.1
44.1048  -193.722  -303.461
63.3457  -174.687  -307.539
58.2788  -173.834  -310.563
35.1365  -190.247  -294.868
53.187  -176.01  -312.961
37.4718  -174.84  -310.394
55.4323  -164.233  -305.824
48.5385  -195.681  -296.088
41.4993  -194.808  -285.73
70.5841  -172.798  -292.251
47.4791  -167.057  -310.71
29.1864  -167.118  -307.697
62.1672  -165.119  -303.045
53.0184  -154.018  -303.027
51.04  -196.37  -280.138
34.334  -191.551  -276.803
66.4676  -188.056  -280.895
63.4104  -182.096  -269.298
32.6299  -183.732  -302.752
27.495  -185.431  -287.394
60.1177  -156.167  -297.075
48.2599  -144.299  -298.896
46.8878  -192.448  -269.186
29.5809  -184.232  -269.07
71.7309  -164.634  -283.218
60.1867  -174.998  -258.029
24.4814  -178.283  -297.154
22.5293  -178.124  -280.179
41.2735  -157.267  -309.422
20.8559  -159.222  -302.82
66.7443  -155.733  -275.111
53.0991  -167.113  -248.861
19.2261  -170.505  -289.723
17.7855  -171.232  -273.854
34.324  -145.919  -306.5
9.77494  -152.735  -301.853
57.0501  -146.473  -290.983
43.5738  -133.362  -294.946
41.2352  -186.974  -259.102
25.4216  -176.652  -262.942
28.0082  -138.143  -299.134
3.78628  -146.109  -295.43
53.9017  -136.945  -282.886
50.7611  -127.895  -276.272
35.224  -176.65  -256.401
20.505  -173.001  -259.194
63.7623  -145.575  -264.845
45.1329  -159.544  -244.791
10.5476  -165.66  -284
11.596  -169.295  -267.873
37.5306  -128.118  -287.4
40.4945  -126.478  -269.761
29.5971  -170.045  -253.678
15.5431  -172.023  -252.595
54.6261  -139.919  -259.073
42.8482  -136.714  -253.923
4.57182  -162.679  -277.756
6.11835  -166.819  -261.433
21.3299  -130.98  -295.117
0.488849  -144.349  -288.055
23.4657  -166.092  -249.233
10.6146  -168.885  -247.506
33.4088  -153.421  -243.284
32.0315  -138.138  -251.076
0.662984  -158.754  -271.236
1.32942  -158.137  -262.94
16.6736  -129.661  -286.058
0.763592  -145.742  -279.78
30.0207  -124.274  -278.734
27.8685  -130.681  -261.176
13.8107  -129.797  -275.224
5.57886  -165.522  -255.489
22.9801  -162.763  -244.644
26.5892  -150.112  -244.097
20.971  -130.65  -269.464
