91.8402  -196.221  -215.767
89.4954  -198.049  -207.024
83.7033  -205.367  -214.603
84.1931  -196.796  -223.821
91.438  -189.07  -220.626
95.9316  -190.565  -212.495
88.2288  -197.445  -200.229
81.0635  -201.553  -203.963
76.5174  -190.894  -223.061
82.6604  -186.66  -221.78
92.1271  -191.394  -204.275
75.5928  -197.243  -217.773
96.7458  -186.174  -208.863
92.6076  -183.929  -214.515
66.1582  -191.897  -214.461
90.1969  -182.952  -221.265
76.15  -178.647  -222.84
93.6518  -172.988  -213.702
75.367  -202.932  -209.38
67.6038  -198.436  -203.269
91.1164  -184.944  -196.123
86.5935  -173.796  -221.287
70.6595  -170.338  -226.176
97.0126  -177.777  -204.229
91.0513  -164.003  -210.165
73.4227  -198.909  -195.136
60.2955  -193.345  -198.275
84.9036  -193.708  -190.747
79.6897  -188.808  -184.055
69.1295  -183.575  -220.292
58.2989  -185.889  -211.283
94.2311  -169.29  -199.761
86.7104  -155.405  -206.338
67.5509  -194.77  -188.789
53.8397  -186.706  -192.596
90.3445  -178.712  -188.672
74.7653  -182.37  -177.109
62.1427  -176.734  -218.073
51.2037  -179.441  -207.684
82.8792  -164.036  -219.49
64.0926  -160.533  -225.444
85.2331  -171.492  -184.116
68.2283  -175.532  -172.048
53.6489  -170.154  -217.361
45.465  -173.763  -204.28
78.7208  -153.157  -218.857
57.2513  -151.451  -225.98
91.1572  -160.769  -194.999
82.9589  -145.985  -203.053
61.1108  -189.371  -181.675
49.3832  -180.323  -189.892
73.866  -143.124  -217.1
50.8806  -143.385  -225.518
86.9857  -152.023  -189.679
81.7654  -145.384  -185.893
56.9657  -181.135  -179.157
45.5814  -174.941  -187.188
81.1061  -164.138  -177.108
62.2511  -169.675  -171.781
45.1439  -164.569  -217.077
40.5335  -169.021  -201.102
77.7409  -138.438  -199.781
74.9386  -138.731  -182.829
53.7002  -174.148  -179.601
40.3037  -172.877  -184.793
76.1168  -157.734  -173.263
68.4959  -151.711  -170.976
41.6884  -158.795  -211.469
32.5113  -166.273  -198.789
67.1997  -136.015  -214.435
43.1374  -139.241  -216.089
49.0359  -169.11  -180.414
38.531  -170.495  -184.357
56.2494  -163.808  -174.247
59.2888  -150.807  -173.944
39.0455  -156.044  -207.116
35.9048  -152.37  -198.024
59.2206  -132.106  -208.656
44.1588  -143.483  -204.98
70.1582  -131.006  -195.477
62.1258  -142.047  -183.69
54.3479  -136.172  -200.357
32.6215  -164.979  -192.65
40.5571  -162.712  -178.281
48.1667  -158.238  -176.42
60.6185  -135.558  -192.805
