82.8021  -213.045  -251.103
86.0969  -210.936  -241.376
73.728  -216.43  -244.122
70.7554  -209.817  -249.3
79.2576  -204.873  -253.552
87.4022  -202.297  -247.674
86.9815  -207.646  -234.589
77.4819  -216.409  -234.944
63.8982  -207.139  -246.411
68.0992  -204.802  -251.238
88.051  -200.181  -239.868
64.9304  -208.918  -244.141
88.2578  -196.417  -243.471
84.4201  -196.739  -249.198
56.7709  -205.629  -239.571
77.0819  -199.356  -254.568
59.5528  -198.599  -250.822
82.7942  -186.602  -245.96
68.6149  -215.511  -238.689
61.44  -211.919  -231.072
88.7285  -190.504  -233.583
72.6152  -189.979  -256.317
52.638  -190.797  -250.516
87.4062  -186.009  -239.666
80.6147  -177.402  -242.072
73.1771  -214.802  -222.707
53.781  -208.717  -223.917
87.3442  -201.235  -224.771
85.5212  -193.19  -218.018
55.9787  -200.949  -242.327
49.0938  -201.024  -235.87
84.131  -179.15  -234.04
79.464  -167.056  -238.39
69.607  -209.789  -212.233
48.6743  -203.088  -217.345
85.3649  -181.746  -228.584
83.1547  -186.083  -208.617
48.2759  -196.967  -240.128
41.5875  -196.045  -230.654
68.3777  -179.675  -256.314
43.87  -182.771  -251.495
82.6125  -173.697  -223.305
80.7808  -173.157  -205.827
41.0462  -190.977  -234.517
38.2566  -188.285  -226.009
62.9794  -167.817  -255.763
34.302  -174.884  -252.252
83.0846  -171.134  -230.19
74.6539  -159.144  -233.413
64.6833  -204.149  -203.312
44.7194  -195.627  -213.926
57.5021  -156.98  -252.123
29.9441  -167.036  -245.876
79.6267  -161.894  -225.285
74.3817  -156.871  -223.059
59.5986  -194.883  -198.058
40.9228  -189.458  -211.567
80.024  -167.505  -216.9
72.0554  -171.204  -197.012
33.6243  -184.761  -232.197
31.5779  -186.044  -221.527
69.2795  -150.132  -232.335
70.5718  -151.874  -219.394
54.9499  -186.812  -198.503
36.9794  -184.932  -208.133
76.3916  -161.634  -212.6
71.6493  -156.445  -207.891
30.1283  -180.168  -228.111
28.5164  -180.041  -218.555
49.8135  -150.798  -245.733
28.3578  -162.734  -236.294
48.9283  -179.694  -199.853
32.1517  -182.377  -204.654
61.2305  -164.796  -196.121
57.6548  -155.222  -206.432
27.4685  -177.067  -224.565
27.2828  -171.243  -217.623
43.2765  -145.369  -239.813
28.5147  -164.482  -230.219
61.3929  -144.381  -226.981
57.8559  -149.986  -213.546
43.0069  -145.515  -232.706
24.1085  -176.838  -210.192
42.2904  -172.372  -198.174
44.77  -166.188  -197.586
53.2736  -147.515  -221.838
