60.4921  -170.861  -218.24
60.9303  -170.714  -205.739
53.257  -171.872  -209.441
50.8312  -169.05  -220.374
57.895  -161.846  -225.283
62.2626  -161.567  -214.047
60.4259  -169.36  -197.649
54.4902  -172.518  -199.504
46.5074  -164.071  -218.215
47.9846  -160.553  -223.497
65.8073  -163.812  -203.821
47.1195  -169.462  -212.44
66.8367  -156.45  -211.474
61.0938  -154.223  -219.981
40.2593  -166.126  -206.156
53.6286  -155.172  -223.843
43.5629  -152.342  -218.881
58.302  -143.896  -218.235
50.3554  -172.334  -203.227
43.8893  -173.571  -195.051
70.8371  -158.027  -192.904
48.3936  -147.658  -221.102
36.7657  -146.83  -217.122
67.9704  -147.879  -206.676
56.7376  -134.064  -216.014
50.5935  -174.539  -187.375
37.672  -171.605  -187.99
59.9907  -167.537  -184.835
57.4835  -163.132  -175.124
39.6866  -157.4  -214.166
32.7795  -163.692  -201.193
68.4977  -139.121  -201.909
51.6546  -125.732  -210.16
46.5125  -174.94  -177.559
33.1201  -166.229  -181.291
68.9759  -152.122  -183.618
54.4472  -157.91  -165.489
32.6983  -152.779  -210.076
26.0503  -159.644  -196.171
43.9303  -139.373  -219.01
30.5295  -140.07  -213.525
67.1054  -142.96  -175.092
50.7017  -153.851  -155.174
26.3705  -149.097  -206.337
22.6509  -154.294  -190.663
38.345  -130.158  -217.439
23.7257  -134.143  -210.772
64.7763  -127.983  -193.427
47.1541  -117.328  -203.239
41.2829  -170.391  -168.456
28.5273  -161.713  -176.005
32.6996  -123.968  -211.441
18.8677  -130.672  -206.464
55.5247  -122.548  -185.359
50.9014  -118.168  -180.855
37.536  -161.916  -164.43
24.9445  -157.898  -172.095
57.3657  -135.613  -167.235
43.8051  -148.256  -153.112
18.7282  -144.319  -202.512
17.8076  -151.655  -186.211
40.247  -113.634  -197.373
42.1553  -114.939  -176.241
33.1751  -158.121  -160.619
21.7126  -156.275  -170.256
53.2733  -131.145  -163.193
42.8915  -128.287  -160.102
15.5777  -140.584  -196.857
13.0601  -149.498  -181.094
27.6385  -120.788  -205.533
14.3771  -127.937  -200.528
28.2414  -155.511  -156.707
18.2659  -154.39  -167.791
35.1131  -144.291  -155.859
35.646  -129.225  -160.082
13.6296  -139.542  -192.059
13.2882  -137.631  -180.207
23.7824  -119.571  -199.156
14.4573  -128.179  -190.557
32.3849  -110.7  -190.25
34.1095  -118.064  -172.457
20.6819  -120.396  -190.042
12.9136  -148.979  -174.644
24.0263  -150.542  -154.772
26.6119  -140.674  -158.794
28.7819  -116.101  -185.269
