79.6401  -223.016  874.584
84.2749  -220.036  884.913
72.1005  -224.491  884.165
66.4991  -224.133  872.569
74.5433  -214.642  866.399
83.8309  -212.298  876.177
82.057  -217.498  892.467
68.3959  -227.604  888.034
56.923  -218.898  873.889
61.131  -215.668  864.996
85.6963  -210.934  886.613
60.5419  -229.369  881.17
86.6779  -204.822  877.344
79.0315  -204.82  868.143
51.7332  -222.08  885.337
69.4162  -207.831  861.941
48.9777  -206.742  864.263
76.3042  -190.83  865.619
67.465  -227.29  890.99
62.1823  -224.323  897.396
88.761  -201.449  893.642
61.3191  -196.799  857.769
34.7026  -195.717  867.755
87.6836  -193.442  879.045
70.7628  -180.08  868.765
74.1897  -221.363  902.726
52.991  -222.346  904.405
81.9712  -208.719  900.005
81.1338  -202.247  904.885
47.2379  -213.8  875.252
45.1815  -214.004  888.948
84.1459  -182.19  882.718
65.9575  -167.957  870.547
70.3846  -216.195  910.168
47.634  -213.136  909.269
86.1105  -191.752  898.491
78.3758  -194.541  911.556
41.4316  -204.6  878.41
39.0964  -205.157  892.497
54.281  -188.773  860.596
35.3746  -186.963  872.217
84.5702  -182.227  903.513
73.0986  -187.152  918.072
34.353  -195.997  884.014
33.6502  -196.168  894.762
47.7505  -174.361  863.02
28.0073  -178.967  874.436
78.6076  -171.871  886.692
59.2606  -157.95  874.824
66.8266  -210.905  920.635
43.6354  -207.261  912.08
40.6189  -164.426  866.064
21.8875  -173.086  876.919
74.896  -160.548  890.242
68.4257  -153.656  893.835
61.1618  -202.538  925.716
39.9277  -199.525  914.094
79.7871  -172.795  908.014
68.3242  -181.04  923.337
26.8887  -188.826  887.747
27.2214  -191.819  899.533
52.6199  -152.396  879.38
60.2289  -145.75  897.65
55.3283  -195.543  925.768
36.3308  -193.852  915.917
74.5405  -165.073  911.159
66.8774  -156.221  916.49
22.6099  -183.165  889.091
21.2514  -192.547  903.144
34.1771  -158.806  872.124
19.9588  -169.092  882.542
49.195  -189.588  924.132
31.1306  -188.311  918.453
58.47  -173.331  927.797
50.0804  -156.305  914.791
20.8062  -180.06  890.886
17.8428  -180.091  896.153
29.4094  -156.025  879.446
19.0455  -169.538  885.819
45.0997  -148.412  885.384
44.8186  -150.49  902.487
27.664  -156.562  888.441
19.9854  -191.877  907.622
40.4161  -182.211  924.984
43.7356  -170.166  922.55
38.5027  -152.499  891.243
