65.3252  -205.39  900.559
71.6682  -208.442  910.099
58.5721  -211.672  909.034
54.7302  -204.56  900.867
61.8375  -197.01  895.881
69.3322  -196.576  902.396
76.1516  -209.815  919.538
63.1801  -217.441  918.85
48.3877  -200.101  904.487
51.0286  -196.713  897.229
74.4468  -198.518  911.229
49.9494  -206.062  909.552
70.1346  -191.865  906.073
65.1802  -190.283  900.771
44.5039  -199.426  917.845
59.0402  -190.535  892.49
43.3163  -189.064  900.533
64.0898  -180.409  903.364
54.8676  -210.144  917.262
50.1221  -207.679  927.55
81.5303  -191.128  920.247
54.1063  -180.999  895.09
38.0423  -181.593  905.026
72.3068  -182.324  908.767
61.5607  -173.186  909.631
60.3166  -217.112  934.635
45.9575  -201.988  935.386
77.4369  -206.703  932.972
73.2615  -199.596  943.093
41.9977  -193.581  911.09
38.4587  -194.742  924.437
71.5638  -174.511  913.99
58.6077  -165.165  914.101
57.2118  -211.523  946.19
40.0089  -198.252  943.663
78.9065  -183.783  928.665
71.4422  -192.29  953.132
36.632  -188.427  916.683
30.9371  -191.32  931.134
50.7056  -174.488  904.067
28.7318  -175.662  907.721
79.0551  -175.351  936.709
66.228  -185.508  962.045
30.2304  -185.9  923.741
27.6548  -184.787  937.064
45.4119  -163.565  903.059
20.6324  -166.217  910.401
68.4199  -167.364  919.96
53.7946  -157.758  919.381
52.5746  -206.102  956.186
35.8729  -193.208  950.006
39.7908  -155.833  910.04
16.9924  -160.533  918.582
66.2115  -158.142  927.388
62.9342  -151.695  933.409
48.639  -197.053  960.556
31.8657  -189.869  954.927
71.0723  -169.186  944.299
61.1974  -178.999  968.723
22.8934  -177.184  929.765
22.8437  -181.36  942.598
50.2467  -148.803  922.889
56.3784  -146.563  940.092
44.2041  -191.128  964.831
28.3727  -186.411  959.439
67.1621  -162.963  950.515
61.8945  -154.355  959.69
18.429  -173.773  933.883
19.0023  -178.973  948.57
32.9653  -148.412  915.147
18.4597  -161.129  927.04
38.5676  -186.19  967.759
25.4799  -183.417  962.785
50.3766  -172.043  972.425
46.8944  -155.264  961.123
18.0377  -172.584  938.813
16.5462  -170.636  947.567
28.3084  -147.394  925.299
19.9867  -161.672  932.592
44.1683  -144.648  930.436
44.0466  -148.16  949.628
25.9628  -152.749  931.612
18.5478  -181.444  954.932
32.6008  -179.055  969.951
36.1017  -168.137  968.867
36.2541  -145.934  939.386
