62.7358  -207.558  -260.68
67.1434  -206.436  -250.698
55.3813  -209.042  -251.726
51.776  -207.134  -260.318
58.3617  -199.039  -265.347
66.7968  -196.234  -258.911
68.9867  -203.173  -242.656
59.0069  -209.779  -243.474
45.1266  -202.928  -256.876
47.7632  -199.516  -263.48
69.9293  -195.043  -249.898
47.8484  -205.956  -252.441
67.8662  -188.855  -255.995
61.8968  -189.333  -261.785
38.5436  -204.596  -248.079
54.7542  -192.436  -265.23
37.9175  -192.676  -264.394
59.394  -176.571  -261.173
51.6265  -210.801  -246.495
45.6549  -208.198  -238.454
72.0422  -183.87  -241.896
48.8911  -182.655  -265.774
29.4518  -184.362  -263.419
67.9179  -177.188  -252.87
55.7556  -165.694  -257.595
56.238  -209.517  -230.463
38.1513  -204.859  -230.674
69.4738  -196.784  -231.543
68.1332  -189.198  -222.568
34.8302  -197.385  -253.951
31.5191  -199.105  -243.138
66.7412  -166.046  -248.873
51.7514  -154.747  -254.459
52.6846  -204.904  -221.496
33.7955  -196.519  -224.24
69.958  -173.646  -235.151
66.0164  -179.643  -212.62
27.6693  -190.505  -250.626
27.5452  -190.811  -238.112
43.8052  -172.24  -267.52
21.392  -176.01  -260.858
68.0989  -163.55  -228.949
58.022  -169.943  -205.677
21.3081  -180.96  -243.14
20.7561  -183.058  -233.786
36.7024  -159.081  -265.789
11.5642  -168.521  -258.204
62.2171  -155.24  -243.678
45.8744  -145.307  -248.601
46.3547  -197.805  -209.87
29.0465  -187.149  -222.014
30.2945  -150.249  -259.217
9.92441  -161.578  -251.459
57.0288  -144.945  -237.76
50.0222  -141.745  -234.439
40.1534  -187.562  -204.879
25.252  -182.186  -219.043
62.8759  -154.156  -222.53
50.8954  -163.364  -203.137
13.5284  -173.495  -238.633
16.1931  -178.172  -229.891
40.2132  -140.298  -243.518
43.7783  -138.881  -230.7
36.4913  -180.906  -205.418
21.139  -178.564  -215.241
55.8876  -148.446  -218.835
47.3349  -145.032  -215.846
11.1275  -171.112  -234.529
9.85793  -176.012  -224.231
23.9503  -144.268  -253.716
8.65133  -159.83  -247.075
30.9284  -174.894  -205.829
15.6851  -177.553  -209.957
40.3576  -156.995  -201.168
37.9585  -145.114  -212.895
6.69283  -170.365  -234.452
6.11105  -167.549  -228.93
15.1327  -143.256  -249.088
7.81561  -158.206  -242.274
33.157  -137.627  -238.445
35.5149  -139.452  -225.821
19.5534  -140.879  -240.605
5.95427  -173.224  -221.211
23.4128  -167.808  -198.529
28.7764  -155.402  -204.277
27.7185  -136.914  -234.509
