90.1103  -217.503  -184.963
87.3005  -218.525  -174.263
81.2259  -223.497  -181.963
81.6177  -217.259  -191.309
88.4999  -208.365  -191.988
92.7043  -208.78  -180.998
83.6835  -217.693  -166.898
78.5641  -222.87  -172.219
74.7652  -213.779  -194.803
79.9517  -208.07  -197.499
89.6297  -209.467  -171.203
74.9059  -220.023  -187.833
94.3957  -200.287  -177.991
90.9916  -199.312  -188.885
64.4945  -215.913  -186.989
86.1359  -201.202  -196.974
70.5335  -199.918  -203.408
85.4428  -186.33  -190.577
75.186  -224.56  -178.489
65.732  -221.182  -174.555
85.2779  -200.332  -162.016
80.1431  -189.821  -199.32
62.0881  -191.301  -207.397
91.487  -189.862  -173.884
80.1897  -174.812  -190.451
69.5423  -222.065  -163.935
55.1628  -218.336  -171.897
75.7125  -212.044  -160.234
69.0123  -206.937  -152.857
65.2204  -208.577  -197.029
55.0774  -210.199  -186.258
87.696  -176.787  -170.401
74.4046  -161.612  -190.357
61.4572  -216.379  -159.182
48.2684  -210.02  -168.826
81.0686  -191.696  -154.309
61.1546  -200.142  -145.757
56.6632  -201.562  -197.365
46.132  -203.97  -184.962
71.7822  -180.09  -200.368
53.2999  -182.32  -205.996
74.7421  -181.511  -148.398
51.7793  -191.985  -144.041
48.6176  -193.913  -196.243
39.9707  -197.036  -183.24
63.9352  -168.631  -201.707
44.806  -174.3  -206.14
82.1235  -162.431  -165.623
65.8611  -149.362  -187.54
52.4066  -210.108  -155.063
42.3876  -202.478  -167.051
55.1601  -159.242  -200.662
37.5658  -167.963  -205.475
71.8656  -153.443  -162.334
61.504  -145.339  -158.8
45.6082  -202.841  -153.214
37.1962  -197.687  -165.849
66.0076  -169.796  -142.908
44.3544  -185.751  -147.412
39.5819  -188.077  -197.186
33.4459  -192.761  -181.949
56.4099  -142.906  -186.629
46.5994  -144.532  -162.789
41.3497  -195.972  -155.123
32.1925  -192.596  -165.085
55.5922  -164.742  -147.348
46.0985  -163.617  -150.21
32.9811  -181.781  -194.373
26.2467  -189.012  -180.351
46.5252  -152.148  -200.517
25.7152  -162.433  -203.547
36.8884  -190.107  -158.887
24.8483  -192.861  -165.149
36.4756  -178.807  -150.179
39.1962  -166.924  -152.369
24.2591  -178.306  -193.392
19.9186  -172.447  -182.259
34.5758  -148.213  -195.66
28.8502  -162.18  -187.501
42.5737  -141.125  -180.701
42.7567  -153.971  -159.163
31.1751  -152.773  -186.138
21.1041  -183.843  -174.521
25.9143  -184.214  -155.427
32.7932  -176.435  -150.702
37.3463  -148.784  -176.412
