89.9997  -222.545  -132.06
90.3916  -217.466  -119.779
82.3576  -219.764  -121.184
80.3131  -216.151  -132.834
87.262  -210.04  -136.484
96.4607  -211.362  -128.54
92.2087  -217.944  -112.555
88.256  -219.877  -112.214
72.875  -212.011  -132.866
77.0952  -207.237  -136.445
96.5689  -211.983  -117.684
75.1107  -217.61  -127.339
99.5168  -204.606  -125.305
93.0147  -202.004  -134.859
69.8686  -209.335  -121.155
83.5728  -202.206  -136.607
69.1538  -196.801  -136.561
92.6219  -186.524  -135.299
79.4144  -219.877  -115.538
74.5301  -219.38  -109.084
101.946  -203.387  -107.557
78.6336  -190.583  -138.363
63.1663  -186.452  -133.268
103.409  -193.338  -121.197
91.0095  -172.661  -133.419
82.6932  -218.405  -102.988
66.133  -215.288  -102.671
91.6754  -212.07  -101.495
91.558  -205.981  -91.8344
65.076  -202.737  -129.13
58.9648  -206.501  -117.24
100.845  -181.765  -116.567
87.0725  -159.047  -127.911
78.175  -213.474  -95.5616
61.2781  -207.156  -95.4635
101.679  -194.353  -99.1198
90.7434  -199.764  -79.5259
57.829  -194.382  -126.284
55.0225  -196.84  -111.473
73.8334  -178.339  -135.693
55.6893  -176.409  -130.364
102.985  -183.328  -89.7383
84.2831  -190.22  -70.4524
51.2111  -185.392  -121.93
47.6842  -190.958  -107.292
68.1743  -165.728  -133.242
48.809  -168.182  -128.089
103.459  -164.387  -108.09
81.3809  -146.625  -120.489
74.1232  -206.245  -86.6011
58.1352  -197.522  -91.8439
62.4625  -156.031  -126.757
45.72  -159.67  -122.064
95.1608  -151.739  -99.1187
90.7319  -145.122  -94.6451
70.48  -197.448  -81.6045
56.7229  -189.155  -89.5783
99.8487  -167.579  -78.5401
78.1568  -181.498  -67.3044
44.406  -177.592  -118.049
43.6026  -185.036  -103.026
74.3526  -139.158  -114.742
78.5029  -136.819  -89.5844
66.0352  -190.297  -79.8988
50.9745  -186.546  -85.3962
93.8995  -159.864  -75.8234
79.7621  -153.494  -72.9694
39.5427  -171.684  -113.133
39.2519  -182.844  -101.009
57.3778  -150.693  -119.767
44.7016  -155.634  -114.384
60.5165  -185.173  -78.8709
46.312  -187.039  -82.4184
68.7153  -172.101  -68.7796
68.2503  -153.229  -74.8359
37.6982  -167.265  -108.447
39.946  -164.191  -100.786
51.4718  -144.003  -115.154
44.0854  -153.088  -108.821
64.6212  -135.863  -106.605
65.9872  -142.528  -90.7666
50.8657  -148.33  -107.293
34.8095  -180.81  -96.1799
52.9851  -176.792  -73.5168
58.3146  -165.367  -72.5519
59.0527  -141.689  -102.346
