74.8997  -189.397  750.326
77.264  -189.942  760.533
68.5393  -196.161  757.716
65.5451  -190.232  749.15
71.233  -181.494  744.73
77.6588  -179.615  751.667
76.5356  -187.973  768.715
69.0591  -195.216  767.868
58.6054  -186.991  751.874
61.2709  -181.915  746.341
78.3391  -179.668  761.665
60.4675  -190.904  757.227
76.3302  -173.429  755.169
72.5691  -172.592  748.433
48.9765  -188.987  763.326
67.0226  -174.988  744.647
49.8185  -174.949  746.479
64.8535  -162.37  753.826
63.5854  -194.283  764.021
54.1426  -192.685  773.482
78.6414  -169.663  771.314
58.4911  -166.246  747.979
40.036  -166.807  749.171
73.8071  -162.238  759.287
59.6616  -151.039  756.634
61.823  -193.405  780.58
45.6525  -188.376  781.315
74.4818  -183.895  782.252
70.2103  -177.076  793.548
48.2271  -182.524  756.124
38.7928  -184.654  769.558
69.6743  -150.868  764.185
53.1992  -139.678  760.133
54.6133  -189.864  790.592
37.3485  -181.701  788.031
73.6568  -160.447  779.647
61.8404  -168.812  801.563
38.0815  -176.879  760.593
28.9204  -178.932  775.283
50.8374  -155.512  749.237
28.3207  -159.862  749.632
71.4943  -149.177  789.025
54.1087  -160.565  812.92
26.4307  -170.649  765.182
20.9018  -173.551  780.774
41.3427  -144.083  750.544
16.584  -151.625  751.372
65.3684  -138.132  769.948
45.2166  -127.647  763.509
46.4289  -182.27  798.747
29.0889  -176.456  794.416
31.9145  -134.747  753.312
8.70743  -145.041  756.968
56.2298  -129.126  777.743
47.586  -123.653  783.205
38.9672  -175.715  805.401
23.411  -171.251  798.336
58.5123  -141.379  795.616
44.6277  -152.7  820.145
14.44  -166.823  768.054
13.7414  -169.776  785.837
36.8602  -119.323  768.025
37.2554  -119.102  788.942
31.9335  -170.572  809.663
15.8323  -174.008  803.812
50.3973  -135.457  800.619
39.0027  -130.197  806.362
7.41995  -162.037  773.887
5.45019  -167.235  791.579
21.6599  -128.321  757.887
1.29478  -140.879  767.131
24.4555  -165.278  811.854
11.7666  -169.103  805.956
30.2238  -148.806  816.015
26.771  -133.713  806.353
-0.579202  -158.129  779.527
-0.247507  -152.512  790.333
12.8031  -124.636  767.143
2.70285  -140.591  777.424
25.6189  -112.622  775.735
26.1748  -125.56  793.653
12.5829  -126.652  776.585
0.974737  -166.252  795.689
19.0755  -158.349  812.158
16.6468  -147.079  809.812
19.7941  -121.697  783.325
