51.4556  -213.406  811.86
54.7479  -214.02  821.577
43.5536  -214.532  822.013
41.0375  -209.105  814.224
48.2734  -201.353  811.713
54.5396  -201.029  814.939
57.5986  -213.389  830.584
46.1433  -215.948  830.593
35.4012  -204.508  818.091
39.7374  -200.812  812.764
62.6748  -206.391  823.475
36.8677  -209.599  822.316
56.335  -196.771  816.803
51.6514  -196.096  815.141
30.5471  -203.357  829.299
47.2043  -196.438  813.096
33.3595  -193.25  815.939
49.7093  -186.939  818.92
39.4889  -213.8  828.56
32.6823  -211.446  836.477
66.3114  -197.579  830.319
43.1533  -188.169  814.232
28.9545  -185.23  819.887
54.825  -189.163  821.442
48.642  -178.388  821.658
42.3339  -216.853  843.548
27.7752  -207.888  845.563
60.0255  -212.312  843.357
62.0576  -207.059  855.748
29.8395  -197.739  823.528
23.1764  -199.463  834.422
54.7454  -180.727  824.513
46.6222  -169.897  824.46
38.4191  -215.88  855.087
22.7794  -199.76  850.283
64.9784  -189.637  838.194
58.0386  -197.803  863.538
21.6648  -193.375  826.769
18.5479  -192.694  840.396
40.0854  -179.256  816.984
21.2802  -177.924  820.235
66.4075  -180.467  845.809
55.1131  -189.793  874.656
16.2964  -186.172  832.56
16.1634  -185.294  845.601
35.8663  -169.75  819.739
15.1742  -169.902  823.792
52.0834  -173.381  828.77
42.0179  -161.501  828.473
34.6897  -211.817  866.653
22.2166  -192.868  855.172
30.645  -161.625  823.118
7.91129  -162.908  825.168
52.4844  -163.149  835.004
49.6558  -156.331  839.368
31.1161  -204.101  872.45
18.8968  -186.356  858.423
61.666  -171.392  854.199
45.1539  -182.849  882.36
8.78826  -180.686  836.198
10.2886  -182.774  850.257
38.8813  -153.903  831.906
44.7026  -147.446  846.559
25.4791  -191.352  869.603
14.3474  -184.292  862.757
57.7524  -163.981  859.822
48.4945  -155.099  866.668
4.69144  -176.514  841.17
8.17078  -178.967  854.905
24.3037  -152.049  823.167
7.15373  -160.971  835.231
22.1749  -184.102  866.604
9.12121  -183.369  865.476
34.8517  -172.447  877.516
33.0469  -158.114  865.103
6.03642  -173.459  846.607
6.17858  -174.615  850.152
20.0309  -149.736  832.48
9.73005  -161.981  839.992
33.6505  -146.593  836.89
31.9609  -150.901  854.8
18.3704  -151.498  838.929
6.93795  -177.713  857.736
18.0484  -179.154  871.706
23.7635  -169.852  872.513
26.0333  -148.598  845.462
