84.1203  -230.788  872.633
82.8026  -227.803  884.263
75.1063  -230.039  883.758
72.865  -226.959  873.725
81.1073  -219.444  864.875
91.8678  -219.5  873.229
82.2047  -226.631  891.06
75.5082  -228.499  891.615
63.8577  -222.995  874.358
68.7724  -217.751  866.172
90.5423  -219.386  885.258
66.4854  -226.794  881.59
91.9638  -209.942  875.935
85.6999  -207.711  867.533
54.8878  -222.783  887.686
77.0053  -209.467  866.182
57.2068  -206.908  864.8
79.7824  -193.624  870.795
71.4707  -228.825  890.651
62.5421  -224.797  899.798
91.3126  -208.904  893.72
69.8809  -196.725  866.129
48.5866  -195.353  863.602
88.0581  -198.068  879.579
74.0289  -181.435  874.716
67.6913  -223.885  900.481
53.0787  -220.617  905.028
78.6018  -220.929  901.285
75.1357  -214.059  910.742
52.0381  -215.998  877.845
44.4646  -216.369  893.061
84.6399  -185.173  883.26
68.2675  -168.098  877.972
60.9162  -221.427  909.642
43.1334  -215.354  911.701
86.473  -198.586  900.194
71.1814  -205.779  921.841
41.2494  -208.545  879.938
33.8626  -210.04  898.562
64.6206  -183.808  869.542
38.9659  -183.552  865.232
84.7338  -185.383  908.71
63.4953  -194.785  930.844
27.9554  -200.929  881.645
27.1842  -201.597  903.484
55.4147  -169.962  867.699
27.7068  -170.587  868.269
78.4229  -172.322  888.322
60.231  -156.738  882.764
53.6258  -213.563  917.594
35.7506  -207.992  916.775
46.6636  -159.228  874.08
19.2854  -162.294  872.738
72.9698  -158.31  895.16
64.6174  -151  899.932
46.8455  -206.244  924.255
30.6768  -201.556  920.149
76.5181  -170.799  917.397
55.4963  -184.534  936.385
14.5944  -192.064  884.54
21.1374  -195.355  907.847
53.7236  -146.724  886.339
54.1941  -143.435  905.04
40.457  -198.616  926.435
26.4284  -194.57  923.111
67.9006  -162.032  921.354
55.4019  -155.953  925.487
11.4286  -183.442  892.144
13.3259  -189.746  913.009
37.8847  -149.139  876.852
17.0806  -159.034  889.666
33.6838  -192.209  928.196
20.7422  -190.752  925.375
41.9618  -176.182  933.908
42.5418  -156.615  926.448
12.6215  -176.705  901.356
10.6383  -173.328  908.188
31.2717  -146.623  887.503
18.7654  -160.983  892.765
43.9217  -143.272  893.728
40.792  -148.832  910.63
29.4701  -149.847  895.947
11.1748  -184.834  917.515
25.6259  -182.799  931.469
30.1385  -170.601  930.382
35.0169  -144.233  901.552
