69.234  -220.574  -226.425
70.2178  -218.879  -215.482
60.828  -220.097  -220.252
59.179  -215.014  -229.06
69.2309  -209.03  -231.725
77.2673  -210.368  -223.089
69.5353  -216.677  -208.129
61.1964  -222.04  -210.776
52.6517  -208.764  -226.279
57.529  -204.955  -228.241
74.3416  -209.956  -212.385
53.7094  -213.29  -221.928
73.5309  -203.051  -216.672
72.4862  -200.17  -224.596
43.7819  -209.82  -219.2
65.6664  -200.674  -229.046
49.8186  -195.429  -231.275
69.1249  -188.541  -219.633
55.4342  -219.963  -215.578
46.9383  -218.108  -209.387
76.3354  -201.756  -202.674
61.4571  -189.474  -228.63
44.5423  -185.503  -227.623
74.2852  -193.07  -211.813
65.7705  -178.687  -214.707
54.9302  -222.2  -199.068
36.2826  -215.262  -203.009
68.9144  -212.611  -196.925
66.8148  -206.396  -187.704
45.1799  -201.417  -224.534
37.3076  -201.886  -214.121
72.2298  -182.452  -206.819
62.8746  -167.94  -210.284
48.38  -220.571  -187.088
34.2414  -204.349  -196.408
73.784  -192.7  -195.219
65.115  -199.135  -176.492
36.0634  -194.672  -223.618
28.406  -196.11  -210.472
57.4837  -178.956  -224.117
37.6108  -173.991  -230.218
72.656  -183.107  -188.215
58.1985  -189.594  -170.318
30.3057  -185.853  -218.733
23.1009  -189.113  -206.335
52.8475  -167.096  -221.425
31.3585  -165.7  -225.399
69.0671  -172.907  -201.367
58.884  -157.54  -206.834
42.5648  -213.255  -177.908
27.2391  -198.77  -192.017
47.6039  -157.507  -217.361
25.7339  -156.922  -223.218
66.1793  -162.385  -195.726
61.1673  -155.765  -191.931
37.7  -206.665  -171.178
24.8589  -191.661  -189.422
67.9637  -173.439  -181.264
54.3185  -182.438  -157.39
22.79  -178.493  -215.886
20.767  -182.261  -201.957
55.7802  -148.923  -203.565
55.9079  -148.628  -188.321
33.8539  -197.435  -169.46
21.1035  -187.463  -185.705
63.3259  -165.67  -176.711
55.1985  -158.057  -172.847
16.2199  -172.868  -212.771
15.8264  -177.433  -197.962
42.1019  -149.166  -214.693
20.4554  -152.615  -213.598
29.3179  -187.291  -169.768
18.7545  -182.386  -184.06
41.8267  -171.328  -162.09
39.9763  -152.862  -174.667
17.2671  -168.343  -206.723
16.2906  -164.802  -199.849
36.3506  -145.316  -208.265
21.0278  -151.852  -206.336
48.5384  -143.044  -199.097
44.6519  -145.691  -183.416
33.4717  -143.873  -203.197
13.0108  -174.537  -193.479
26.3051  -176.582  -170.387
32.61  -165.472  -170.27
40.2372  -143.486  -195.574
