71.0157  -195.909  -254.129
74.5111  -198.712  -238.661
63.5527  -204.015  -249.453
61.8127  -193.831  -256.615
67.5822  -187.171  -259.129
73.7771  -185.97  -247.306
68.8057  -195.25  -227.912
62.5864  -203.828  -234.959
55.368  -191.038  -258.544
57.3471  -187.57  -260.363
75.704  -186.528  -232.708
57.9247  -197.369  -253.94
72.7189  -179.538  -240.699
69.6302  -178.584  -251.938
49.3349  -193.153  -249.51
63.648  -181.4  -258.674
51.744  -179.985  -262.095
66.4406  -166.259  -248.706
58.7365  -198.379  -242.79
48.3594  -201.724  -234.873
68.5063  -178.078  -218.902
57.8685  -172.574  -258.036
43.608  -173.538  -263.375
72.973  -168.614  -232.953
62.8359  -155  -244.029
55.4498  -199.795  -221.529
43.4995  -194.526  -227.13
63.7863  -190.441  -212.667
58.6345  -184.809  -200.873
48.1005  -186.191  -258.918
40.5913  -189.584  -244.597
70.623  -157.744  -223.952
57.2186  -143.788  -237.583
48.8988  -196.766  -211.284
36.6349  -188.889  -219.456
64.8911  -170.054  -207.18
50.057  -176.224  -192.686
40.2777  -182.244  -256.436
31.8272  -186.283  -239.903
52.5737  -162.773  -256.068
35.555  -166.216  -261.769
60.7201  -161.728  -196.547
37.1987  -165.209  -188.982
30.9681  -177.582  -253.682
25.3008  -180.951  -234.984
45.7629  -152.723  -252.541
25.9855  -157.354  -261.451
61.9195  -148.755  -215.642
48.9095  -136.097  -229.832
43.3217  -187.219  -204.742
27.9036  -185.801  -213.545
39.1339  -142.731  -249.087
19.7226  -152.114  -259.981
54.3138  -141.027  -207.576
46.3487  -137.295  -203.313
36.9135  -179.534  -198.701
23.1637  -182.585  -209.523
50.8606  -155.475  -191.091
31.5182  -158.829  -190.029
22.7761  -172.84  -250.375
18.8796  -177.623  -230.251
40.2028  -133.943  -224.124
38.3994  -137.834  -201.803
28.3972  -176.68  -193.545
18.7064  -179.084  -206.136
44.0215  -151.777  -189.206
36.4632  -149.849  -192.662
14.6679  -171.963  -247.785
13.7557  -174.602  -224.858
32.0388  -135.511  -245.523
8.39681  -146.281  -251.516
23.2624  -175.828  -189.273
12.8342  -178.371  -202.428
26.4934  -157.887  -191.474
29.0045  -150.763  -191.619
6.58837  -167.696  -241.479
6.8103  -161.006  -221.554
22.8263  -135.549  -235.464
10.0764  -148.042  -230.843
32.7171  -132.118  -218.248
26.7547  -141.033  -200.226
18.5707  -137.41  -224.458
6.13693  -170.645  -213.757
18.2245  -173.209  -191.163
21.4494  -157.254  -192.75
24.394  -137.069  -214.557
