75.936  -239.616  1973.86
74.2809  -236.589  1989.05
65.475  -237.272  1986.01
63.2979  -236.887  1970.93
73.6931  -228.199  1959.27
80.7624  -225.137  1978.53
72.2342  -234.08  1998.01
66.7669  -237.267  1996.9
53.9481  -231.61  1968.61
59.9162  -222.341  1962.62
81.9118  -226.193  1991.28
58.9753  -233.066  1981.22
87.1951  -216.112  1982.75
80.873  -215.098  1966.08
47.6268  -229.994  1987.75
68.6924  -212.854  1962.88
52.3145  -208.453  1965.29
79.8415  -194.837  1967.23
63.5056  -238.487  1991.97
53.9795  -236.633  2002.19
82.5146  -214.353  2003.51
63.3248  -198.749  1965.85
45.4175  -195.287  1968.16
84.7163  -201.132  1987.78
74.5844  -178.026  1974.65
59.3316  -232.785  2008.82
42.4491  -232.943  2010.97
70.1842  -227.837  2012.01
67.583  -219.92  2023.78
44.4757  -221.016  1974.18
38.3997  -221.735  1993.49
83.0713  -186.121  1993.37
66.0836  -163.91  1983.56
54.5306  -231.112  2021.47
32.5017  -227.163  2020.35
81.3443  -201.949  2014.26
65.1511  -209.735  2036.93
35.2818  -210.254  1978.54
20.2923  -218.255  1997.34
58.553  -183.901  1969.82
36.6949  -181.9  1969.46
77.725  -189.077  2023.5
57.202  -197.238  2044.95
25.7182  -201.362  1981.97
15.0261  -204.866  2006.55
51.9774  -166.885  1971.46
27.2418  -167.45  1972.87
85.0038  -166.744  2001.58
58.6941  -151.381  1991.41
48.493  -221.663  2032.44
25.6366  -217.498  2026.71
45.6534  -153.86  1978.62
21.3919  -158.381  1977.3
69.6865  -156.235  2009.98
61.6256  -148.483  2014.78
42.7651  -212.395  2040.16
21.3815  -208.783  2032.14
69.9119  -175.082  2032.76
50.3858  -187.763  2051.82
12.0754  -192.354  1983.91
10.0906  -200.005  2012.3
51.6502  -143.739  1998.26
52.8699  -140.418  2020.1
38.2302  -201.913  2040.37
20.4705  -200.671  2034.58
65.1582  -164.655  2038.65
52.8274  -155.943  2043.06
8.15191  -181.758  1992.11
8.27303  -190.451  2018.78
38.6702  -145.844  1985.52
15.3158  -152.016  1990.18
31.7771  -195.018  2044.49
20.6251  -192.474  2036.11
38.7231  -177.493  2047.79
45.8731  -159.078  2037.55
7.31587  -173.315  2002.75
11.6682  -166.806  2017.56
30.334  -136.74  1992.07
15.5746  -151.591  2001.59
43.8139  -137.616  2005.06
42.0701  -143.845  2025.12
27.6713  -140.891  2007.91
6.50716  -183.477  2022.67
27.2163  -183.154  2042.57
31.3419  -171.147  2042.22
35.4419  -139.644  2012.57
