70.4837  -250.88  -297.309
74.0576  -247.84  -284.642
60.4237  -251.879  -289.06
58.4272  -250.254  -299.749
69.8007  -244.007  -307.592
78.0032  -238.325  -295.885
77.8277  -244.343  -273.3
62.8485  -251.948  -276.192
53.3204  -244.491  -296.993
56.412  -242.035  -304.322
81.8916  -234.973  -283.787
52.8663  -247.873  -292.282
81.0939  -228.553  -293.013
75.5908  -230.406  -303.731
44.3102  -242.382  -287.326
65.4578  -235.475  -310.144
48.4986  -233.008  -305.284
74.1303  -215.318  -304.004
55.9484  -248.287  -283.33
47.313  -243.795  -274.48
84.9827  -219.616  -273.011
60.4403  -223.403  -311.903
41.2431  -223.51  -304.709
81.4424  -214.438  -288.947
71.1694  -201.874  -300.717
56.9505  -244.142  -263.143
39.9612  -237.992  -266.986
76.343  -233.048  -257.991
73.3271  -220.632  -248.978
44.9372  -239.772  -295.075
38.3773  -235.509  -281.823
83.0102  -199.425  -285.086
67.8249  -187.485  -297.465
51.9485  -236.445  -252.915
34.7207  -228.685  -260.447
81.7201  -206.021  -265.369
67.5889  -207.619  -243.211
39.0537  -232.892  -292.087
30.52  -226.098  -278.635
55.8934  -211.42  -310.789
33.1706  -212.673  -303.437
76.1516  -193.485  -260.131
59.2694  -195.93  -239.985
32.9831  -225.59  -288.177
23.9702  -216.942  -274.669
50.2081  -196.736  -310.411
24.5458  -203.635  -303.13
76.9152  -186.204  -279.333
62.2304  -174.838  -292.928
46.3191  -225.723  -242.579
29.6674  -218.262  -257.912
43.1312  -184.247  -305.457
16.9943  -194.807  -301.401
69.0917  -175.23  -273.824
61.0432  -170.721  -269.742
42.2226  -213.807  -241.119
27.0236  -212.433  -256.41
69.0145  -182.104  -255.113
51.9999  -188.22  -239.28
23.9977  -212.598  -284.6
19.4123  -210.653  -269.664
55.0704  -166.513  -288.011
55.2385  -167.067  -266.523
37.2542  -205.877  -239.366
24.5797  -210.215  -253.804
61.9258  -175.389  -252.732
55.0089  -169.877  -250.63
15.4862  -205.033  -280.376
11.7884  -206.934  -264.393
36.4251  -176.585  -300.58
11.5917  -187.773  -293.212
31.1464  -199.786  -237.31
20.9169  -207.169  -250.552
43.0917  -182.734  -242.393
41.2801  -167.607  -252.663
13.0743  -200.171  -276.241
7.62222  -190.998  -266.396
26.8341  -165.152  -297.326
9.83436  -182.001  -286.829
46.4645  -161.088  -281.247
41.3638  -164.944  -261.992
27.0952  -164.003  -286.341
6.34343  -202.346  -257.443
26.744  -193.176  -236.046
30.4369  -181.178  -247.439
39.3033  -160.873  -276.012
