88.6725  -220.791  1005.83
91.3597  -223.574  1016.73
80.1903  -223.769  1013.41
79.3519  -218.354  1005.07
85.8443  -210.016  1001.13
93.3656  -209.752  1007.89
89.2257  -220.997  1025.71
79.9236  -225.042  1022.61
72.7133  -215.314  1005.04
76.869  -209.693  999.376
93.8438  -210.508  1018.86
72.9989  -222.115  1009.46
94.3686  -201.584  1010.79
89.2284  -200.28  1003.42
64.57  -215.719  1014.11
83.2984  -202.191  999.096
67.6439  -200.639  997.568
83.5466  -186.56  1005.78
74.9829  -224.254  1019.79
66.7536  -219.777  1027.48
95.5318  -200.053  1028.78
76.9953  -190.916  998.835
59.4769  -190.831  996.239
93.6554  -188.817  1014.2
79.0203  -174.17  1008.29
72.4403  -221.785  1032.38
59.3071  -215.993  1031.2
84.3074  -215.258  1036.91
82.6365  -209.925  1049.64
63.0171  -209.034  1006.26
55.7242  -209.956  1017.88
90.1863  -176.24  1018.35
75.5633  -160.293  1008.98
65.6552  -218.062  1039.95
51.9801  -208.799  1036.15
93.9629  -189.75  1036.89
77.0927  -201.001  1059.01
55.2593  -202.154  1008.24
46.3704  -204.027  1021.29
71.4698  -178.562  998.258
50.4265  -181.008  995.791
91.9932  -175.914  1045.89
69.1204  -191.831  1065.71
44.7283  -195.672  1009.66
39.0099  -197.851  1024.92
64.2372  -165.925  998.846
41.5433  -171.804  996.35
84.7132  -163.038  1023.67
68.8704  -148.61  1012.55
57.8314  -211.546  1047.64
45.3404  -200.801  1040.03
56.4154  -154.888  999.721
33.8466  -163.903  998.708
78.8511  -150.899  1030.21
70.9961  -143.885  1033.54
52.1012  -202.833  1051.47
38.8398  -196.38  1043.28
78.848  -165.317  1050.9
60.5036  -182.027  1070.28
37.0556  -186.681  1012.28
32.4131  -192.564  1028.41
62.9443  -139.328  1014.67
60.2649  -137.403  1037.3
45.4763  -197.743  1054.98
32.9294  -194.535  1045.99
72.5499  -156.813  1055.36
58.8122  -148.507  1059.85
28.7499  -182.713  1014.6
26.8995  -188.416  1032.67
47.9666  -147.021  1001.99
26.6328  -159.026  1007.59
39.3898  -191.767  1055.81
28.3932  -193.301  1047.15
46.0964  -173.269  1065.64
44.1551  -151.592  1054.88
23.03  -177.873  1019.42
20.6193  -172.869  1028.72
38.176  -141.077  1008.55
27.0208  -159.406  1013.94
51.6348  -132.958  1020.95
47.3538  -144.191  1039.54
36.3916  -143.091  1016.36
19.6779  -186.569  1037.66
33.7836  -184.396  1058.91
35.8  -169.278  1057.43
41.7228  -138.996  1028.28
