77.6903  -191.052  340.432
81.7873  -191.995  346.989
70.6455  -199.718  343.872
68.0842  -192.467  338.343
75.5913  -183.498  337.447
78.2854  -180.499  343.473
83.7874  -191.289  355.06
73.2573  -199.111  353.628
59.0363  -191.442  339.074
65.4319  -184.838  334.805
82.9141  -180.912  348.377
61.2793  -195.516  344.009
80.8029  -175.896  345.721
78.2884  -175.362  343.029
52.3116  -190.16  350.201
72.7116  -178.013  337.566
55.8337  -177.797  336.704
76.3334  -165.388  346.726
65.3263  -196.098  350.506
57.6704  -193.852  357.98
85.422  -171.933  355.399
67.9516  -168.43  337.403
47.604  -170.405  336.651
78.9312  -165.909  349.201
74.0022  -155.997  350.381
66.9898  -196.79  364.438
49.755  -191.015  364.088
84.7795  -188.601  367.69
80.5318  -181.448  377.295
49.6741  -186.386  343.934
43.8109  -186.203  354.948
77.2367  -157.644  353.695
69.931  -146.542  353.422
61.5589  -193.353  374.254
43.0782  -185.762  370.664
84.237  -164.065  363.277
75.9764  -173.386  386.243
42.4169  -180.708  348.397
37.1749  -179.482  359.874
62.6968  -159.334  340.632
38.865  -162.485  337.684
81.6806  -155.02  369.506
68.7902  -165.092  394.541
35.7222  -173.341  354.487
32.083  -173.019  364.511
55.4479  -147.563  339.232
29.5514  -154.223  339.635
73.7592  -149.389  357.953
64.7656  -137.656  356.548
55.4066  -188.738  383.894
39.0243  -177.679  374.261
49.526  -139.876  345.592
25.3142  -148.113  347.519
70.7138  -139.346  362.776
65.7313  -133.876  365.907
49.7763  -179.659  386.323
33.5103  -174.682  377.945
75.41  -146.61  375.96
60.2592  -156.98  396.06
27.6818  -167.89  358.078
25.6835  -170.542  368.674
58.3188  -131.453  360.035
59.1485  -130.318  370.213
43.926  -173.059  388.422
28.2199  -172.643  381.891
68.141  -141.522  379.456
59.0999  -137.675  382.938
21.3065  -164.609  361.445
19.135  -168.23  373.197
42.7028  -134.117  349.996
21.9148  -146.286  355.404
38.2219  -165.896  388.696
24.7956  -170.92  384.103
48.4374  -150.963  395.177
44.9475  -136.483  385.289
19.3132  -160.652  366.729
19.0552  -157.169  369.293
36.4407  -130.864  356.948
22.9375  -146.321  358.744
50.9583  -128.259  364.333
45.6709  -132.471  376.358
35.3133  -131.39  363.514
18.2187  -168.409  377.879
34.287  -166.286  394.312
34.8537  -147.61  391.052
41.1313  -131.113  370.964
