70.3973  -202.313  -298.724
73.0471  -203.218  -288.517
62.8499  -204.06  -291.182
60.5898  -198.464  -298.464
66.3372  -192.87  -300.63
73.1715  -193.256  -295.788
72.72  -201.122  -280.913
64.1833  -203.807  -282.52
53.3838  -194.721  -298.409
57.8938  -192.651  -303.43
77.7943  -195.288  -287.137
55.1314  -200.97  -293.449
75.3745  -188.945  -293.365
70.188  -187.721  -298.963
46.3227  -197.694  -288.667
64.065  -188.209  -301.371
51.5345  -185.333  -298.172
66.3276  -178.772  -296.169
57.9965  -206.068  -286.026
51.3563  -203.25  -278.299
78.5386  -187.95  -278.44
59.1765  -180.788  -300.299
45.7092  -179.301  -294.677
77.5112  -180.347  -290.767
61.8494  -170.257  -293.304
59.5068  -203.39  -271.579
45.602  -198.063  -272.264
71.1129  -197.337  -270.615
67.0952  -191.235  -264.222
45.0772  -191.082  -296.43
41.3349  -190.317  -283.699
75.3445  -172.165  -286.114
60.5258  -162.623  -287.021
54.7839  -200.435  -263.648
41.1598  -190.155  -267.571
75.5065  -181.749  -272.116
64.8561  -186.244  -254.899
40.7495  -184.098  -291.073
32.5421  -187.191  -279.677
54.586  -173.347  -297.578
38.851  -171.504  -293.589
71.7982  -174.398  -266.37
58.4352  -179.47  -250.1
33.6829  -177.96  -287.293
28.8112  -180.997  -275.293
49.9093  -164.732  -293.04
31.8771  -165.355  -292.623
70.7982  -164.561  -281.425
54.4163  -156.737  -286.261
49.4458  -197.858  -253.82
36.7217  -184.36  -263.248
43.5514  -158.911  -291.189
28.3356  -161.892  -286.242
65.2364  -157.137  -276.213
60.1142  -151.353  -271.538
45.183  -184.837  -254.701
33.2926  -183.493  -260.928
67.6511  -165.81  -259.978
50.7334  -174.256  -250.275
27.2851  -172.726  -283.699
25.553  -178.454  -271.875
49.8151  -150.739  -282.145
52.4854  -148.096  -268.125
40.941  -180.081  -253.196
28.8178  -182.827  -258.249
60.7181  -161.452  -256.831
52.3518  -158.068  -254.56
22.6776  -169.209  -279.486
20.0483  -175.759  -268.467
38.0107  -154.098  -287.125
27.1341  -161.57  -281.729
36.1791  -176.962  -251.95
23.9859  -179.378  -256.417
43.1412  -169.083  -248.874
43.1785  -156.912  -253.065
23.129  -168.297  -276.281
17.9443  -163.848  -267.127
32.9273  -151.901  -285.571
25.3262  -155.993  -280.495
43.4486  -149.061  -278.015
43.7813  -146.736  -263.089
30.1743  -148.958  -279.201
16.9303  -177.149  -264.398
31.0343  -173.621  -247.626
33.0978  -164.576  -249.353
38.9245  -145.911  -274.755
