73.4952  -205.54  -215.941
73.4138  -206.853  -205.059
64.639  -210.354  -211.673
64.1568  -201.83  -220.064
72.0764  -192.399  -220.08
78.3955  -194.019  -210.827
71.0944  -205.786  -198.474
63.6472  -210.051  -203.16
56.0737  -196.971  -220.349
61.2147  -190.466  -222.909
77.0541  -196.542  -201.507
56.8603  -206.298  -217.412
80.3641  -186.466  -207.07
76.0994  -182.963  -215.603
47.7524  -199.875  -214.626
69.428  -183.272  -221.852
52.8411  -179.911  -224.366
73.6728  -167.739  -214.722
60.0817  -208.672  -207.232
51.1378  -208.371  -203.988
76.6033  -187.768  -192.354
64.0765  -170.845  -222.939
46.0692  -169.035  -224.441
81.6859  -174.129  -202.838
70.7605  -154.514  -213.075
56.8718  -210.052  -195.792
43.4604  -203.274  -200.503
66.8499  -201.152  -190.522
63.3692  -196.324  -182.584
45.9305  -191.474  -224.292
39.3998  -193.378  -213.099
79.1292  -161.409  -197.894
66.7757  -140.322  -210.839
50.7139  -206.205  -190.279
33.0266  -199.729  -196.912
72.5408  -178.402  -186.514
57.3601  -187.617  -177.309
38.1199  -183.141  -223.068
32.5179  -185.118  -210.697
58.3587  -158.736  -221.584
38.6526  -158.824  -227.224
68.5953  -168.45  -180.778
49.8003  -179.07  -173.973
29.1359  -174.935  -223.015
24.6612  -179.665  -209.23
52.6551  -144.881  -222.55
31.0883  -148.932  -228.201
74.3252  -148.3  -193.149
58.8903  -129.921  -206.825
43.3951  -199.324  -184.375
28.6544  -190.744  -194.849
45.6793  -134.248  -221.2
27.0635  -144.762  -226.323
65.8397  -138.5  -189.142
58.5986  -130.899  -187.067
38.0162  -191.242  -182.216
25.4955  -184.003  -193.389
61.281  -158.574  -176.541
43.0886  -171.938  -174.752
22.6528  -166.799  -222.929
15.4851  -177.776  -209.003
51.0735  -123.759  -204.492
47.6587  -128.266  -188.533
33.2258  -184.543  -182.22
19.7901  -180.182  -191.919
54.482  -151.086  -174.787
44.9412  -145.036  -175.617
16.382  -164.008  -221.538
11.4699  -171.118  -205.496
37.6203  -129.209  -216.539
21.7715  -142.133  -222.194
28.6392  -178.116  -184.429
13.2121  -176.393  -190.111
34.7956  -163.995  -176.109
33.5543  -142.085  -179.021
15.4798  -160.729  -217.966
13.0383  -156.421  -212.248
30.7386  -125.732  -212.523
20.0173  -140.396  -217.403
40.6612  -123.131  -201.302
38.0087  -132.204  -190.444
27.1473  -127.925  -207.676
9.15257  -168.219  -202.448
20.267  -168.619  -184.487
23.311  -155.954  -183.484
32.4619  -126.017  -200.193
