69.935  -237.358  -258.125
72.3967  -237.418  -244.744
59.5536  -239.743  -250.261
57.9755  -230.408  -258.691
67.7562  -225.069  -261.55
73.0873  -225.053  -250.758
72.9249  -234.687  -235.551
62.6578  -242.718  -236.563
50.5238  -222.762  -257.561
56.3945  -220.275  -259.622
78.1095  -227.697  -241.827
49.3524  -233.178  -253.679
77.4093  -220.303  -247.571
71.8561  -217.882  -254.15
42.2621  -222.405  -246.942
65.4935  -217.638  -260.224
49.1036  -209.661  -257.255
70.496  -205.345  -250.269
52.3834  -237.799  -243.965
47.7939  -232.441  -234.785
80.8679  -218.189  -231.044
60.7097  -205.863  -256.304
44.1497  -198.878  -253.148
76.5691  -209.947  -241.191
68.951  -193.829  -245.202
55.2245  -239.866  -222.623
36.5236  -226.253  -227.223
73.3149  -230.113  -221.549
71.2878  -221.008  -212.156
43.3305  -213.823  -254.213
36.8204  -212.321  -241.529
79.6309  -198.287  -236.53
67.1981  -181.757  -240.91
49.8806  -232.754  -210.504
32.7681  -216.046  -218.767
77.6664  -207.509  -223.812
70.5571  -212.591  -199.91
35.9226  -205.169  -250.326
27.8825  -204.711  -235.793
57.5324  -194.571  -251.639
37.0717  -187.012  -254.307
78.9678  -197.661  -214.768
65.4527  -202.383  -188.494
30.1317  -194.489  -244.489
23.3967  -196.003  -230.678
53.9017  -179.868  -251.388
30.1051  -174.881  -253.115
76.5157  -187.232  -230.093
62.1981  -170.874  -235.748
42.8256  -229.438  -195.448
29.7131  -205.326  -214.906
48.7891  -168.462  -247.077
26.5735  -169.343  -246.243
77.1126  -173.595  -223.267
69.4034  -166.572  -218.538
39.6244  -216.652  -191.053
24.3778  -200.612  -209.458
76.2364  -186.381  -206.297
59.5045  -191.951  -183.267
20.8032  -186.515  -242.35
18.0153  -189.735  -226.214
58.2591  -162.087  -230.876
64.2509  -156.366  -213.646
37.6668  -202.602  -193.326
22.9216  -192.76  -206.378
71.211  -177.22  -201.075
65.0021  -165.817  -193.188
15.8533  -178.984  -237.291
14.9173  -184.264  -222.527
43.4328  -159.404  -242.7
22.9133  -164.444  -240.999
33.0381  -194.015  -191.311
19.7187  -189.223  -205.313
48.0576  -179.963  -186.02
51.3913  -163.459  -195.298
19.5491  -175.98  -230.754
19.1454  -168.217  -227.436
38.0035  -153.944  -236.167
24.3404  -162.457  -235.031
53.7664  -150.73  -227.128
50.2041  -152.315  -208.296
35.4273  -151.754  -229.642
15.8656  -179.468  -218.573
29.0922  -181.847  -191.291
34.465  -171.107  -194.396
44.0818  -148.816  -220.529
