98.5972  -222.709  860.428
94.3035  -221.785  874.425
83.2733  -224.736  867.433
82.3148  -221.329  857.981
93.8493  -215.219  852.169
100.968  -212.164  865.114
93.1106  -218.742  883.027
84.3097  -226.158  877.376
75.3028  -218.253  856.139
79.5317  -215.854  850.616
98.6344  -210.617  877.34
76.9641  -222.317  861.859
102.803  -202.692  868.514
100.858  -202.63  854.941
68.2767  -219.427  862.448
90.6779  -206.959  846.993
70.6814  -208.921  845.403
95.7868  -188.511  855.062
79.4976  -224.908  870.867
71.9105  -221.914  875.689
96.2783  -198.98  886.704
85.418  -195.669  842.028
62.7117  -200.008  842.463
101.029  -190.278  872.583
91.9563  -175.821  855.926
77.6666  -223.642  887.454
63.6322  -219.261  879.862
89.6009  -212.367  894.613
85.9364  -205.228  903.989
67.6455  -212.969  854.251
60.7649  -213.424  864.027
98.3541  -177.345  876.56
84.7706  -163.609  858.934
70.5028  -220.655  896.481
56.8697  -211.907  883.135
93.8684  -188.512  893.99
79.2022  -195.535  909.554
59.9075  -207.798  854.266
52.7642  -207.089  865.677
79.2845  -184.124  841.59
55.9242  -190.238  842.158
89.0018  -177.856  899.117
70.7607  -186.801  912.315
52.2195  -199.91  856.188
46.3832  -200.54  867.618
71.5303  -172.484  841.527
48.1616  -182.598  842.897
91.5811  -165.202  880.369
78.3012  -151.465  862.049
63.6135  -211.301  900.888
49.8215  -206.315  885.741
63.0655  -162.844  845.231
40.042  -175.319  838.7
81.6498  -157.336  883.625
74.3228  -151.285  885.232
57.6716  -202.903  903.084
45.5146  -200.615  886.774
80.6978  -168.779  902.43
62.6391  -180.39  911.13
44.6665  -193.061  857.484
40.0031  -196.244  869.752
69.5963  -144.95  863.283
65.4991  -146.337  885.974
53.0253  -195.698  901.554
40.0382  -197.036  888.577
72.9923  -162.98  902.717
63.8067  -158.948  901.761
36.3026  -190.378  856.645
35.1588  -192.556  872.264
54.9952  -156.807  847.929
30.5357  -169.297  845.901
47.945  -191.006  900.374
36.6256  -194.556  888.402
54.1062  -174.821  907.635
52.0416  -159.351  896.574
32.8162  -187.028  857.847
27.9191  -180.832  868.546
45.2213  -151.559  852.484
33.3559  -168.431  856.025
57.3828  -139.988  868.059
54.6242  -150.398  885.751
43.4827  -154.107  861.928
30.3285  -190.398  877.31
40.7319  -184.7  899.749
42.568  -172.152  897.861
49.022  -149.221  872.752
