91.7903  -93.6009  -112.069
97.0702  -90.3094  -101.424
84.3495  -95.7316  -102.381
79.0892  -95.2022  -114.77
88.7019  -85.5513  -121.854
99.6182  -82.4203  -114.85
99.487  -85.6584  -92.3855
86.8005  -90.7272  -92.424
71.4368  -85.576  -110.968
75.1219  -84.3351  -121.094
101.414  -78.3023  -103.513
74.6696  -89.0358  -104.541
101.886  -72.4426  -114.178
93.9351  -73.634  -122.234
62.4012  -81.2737  -99.3354
84.0069  -77.4401  -127.293
64.5734  -71.3025  -117.429
87.8347  -58.2453  -120.363
78.5687  -93.5079  -95.1152
70.0041  -84.2503  -87.0031
106.661  -63.3218  -96.392
75.6668  -63.2567  -125.344
56.9742  -58.2692  -113.678
98.8899  -57.9167  -112.037
82.5671  -43.5225  -118.182
80.8961  -84.5493  -77.9472
59.665  -76.7299  -78.8066
99.2595  -75.3358  -79.1771
96.8354  -62.5582  -69.617
62.552  -74.6228  -107.829
54.8639  -69.212  -94.8188
92.8077  -44.1039  -108.327
75.6544  -29.4894  -113.08
74.542  -75.3268  -67.1606
51.2009  -65.4801  -72.5812
103.441  -48.5851  -90.3124
92.3334  -47.8764  -60.0161
52.1553  -64.9343  -104.129
46.3893  -57.4777  -91.0456
69.3313  -49.3697  -119.7
48.5918  -44.777  -108.6
103.374  -31.6812  -84.089
84.513  -32.6646  -51.3837
46.1229  -50.8129  -98.6237
45.6265  -40.2319  -89.8608
60.9123  -34.9317  -116.345
41.0161  -33.272  -104.933
87.1449  -29.1073  -104.73
71.2952  -17.805  -114.264
66.7371  -64.9861  -55.262
43.8931  -51.6433  -71.3168
52.1629  -22.3748  -115.931
25.7799  -27.1632  -112.724
84.0849  -11.6101  -102.519
76.1397  -0.836048  -98.6966
60.196  -52.6275  -50.897
42.8845  -41.2883  -71.2208
95.15  -15.3995  -76.9496
75.0979  -19.2687  -45.1229
41.9168  -35.6731  -93.6862
34.5342  -36.6626  -84.0931
60.7848  -4.31881  -110.194
66.2009  10.8094  -94.539
53.9855  -43.8781  -49.1728
37.2357  -31.7701  -66.5931
84.9716  -4.52641  -74.4036
71.4293  7.52056  -69.0066
28.8253  -32.965  -90.9838
25.5984  -32.0435  -77.6713
42.9628  -11.3396  -117.017
23.5353  -17.186  -101.528
45.1243  -32.4676  -58.134
28.2349  -33.6416  -61.5336
57.6465  -10.8904  -51.5016
52.2913  7.25694  -68.3948
17.6109  -29.7594  -89.9199
14.7933  -14.31  -77.9403
36.8957  -4.55595  -108.129
21.1852  -10.9875  -95.8197
51.9323  9.79832  -108.456
50.4275  10.8385  -86.1906
30.2068  3.7067  -101.819
14.58  -30.2262  -69.2948
38.9066  -22.6052  -60.1614
40.9944  -7.72442  -58.7882
41.9397  9.70095  -98.1215
