69.6242  -52.0119  -222.132
74.5226  -53.1975  -211.679
61.9802  -55.3883  -215.293
58.6522  -49.0532  -222.373
67.4213  -41.914  -227.843
78.1262  -42.2058  -220.072
77.24  -51.6457  -202.432
65.3962  -56.2687  -205.595
50.0553  -46.3815  -223.777
55.5863  -40.1933  -227.756
83.164  -42.7247  -209.14
53.3615  -51.2067  -217.542
83.1833  -33.2019  -217.062
75.1643  -30.8814  -225.775
44.9318  -44.9875  -212.134
64.6785  -32.4821  -230.741
45.3047  -29.0998  -228.562
73.3016  -15.4726  -222.282
58.0435  -55.7798  -210.177
51.8659  -51.6994  -201.667
88.1214  -31.5165  -197.505
60.3752  -19.7416  -225.887
44.6441  -13.7616  -224.117
84.2974  -20.1793  -210.764
70.563  -2.22713  -216.292
61.6439  -53.5045  -192.905
44.4225  -45.981  -193.521
77.9396  -45.8039  -188.897
77.2632  -37.0807  -178.016
42.0151  -37.7907  -219.197
38.6609  -36.6364  -206.097
83.3461  -6.70817  -203.406
67.1191  11.6587  -209.829
57.2337  -48.4248  -181.905
40.8403  -35.5264  -186.853
85.8121  -19.6564  -187.947
74.1149  -25.8185  -168.378
36.0499  -27.4011  -214.799
32.2124  -28.0629  -200.391
54.7811  -7.37544  -223.032
33.219  -4.85801  -221.53
82.9801  -7.37204  -180.035
68.619  -14.6866  -159.553
29.1085  -18.6859  -210.265
32.0811  -16.851  -196.107
49.6917  6.94493  -218.882
26.9527  4.77829  -216.165
78.153  6.02343  -195.347
61.3059  22.746  -201.756
53.0439  -39.0529  -172.136
34.9707  -29.6451  -180.517
44.5533  19.081  -213.345
21.3976  13.5732  -211.601
73.4765  17.9379  -187.851
66.6774  25.1617  -182.664
48.5247  -30.768  -163.974
35.8505  -19.3805  -179.635
75.9758  3.88081  -172.927
61.7303  -5.36321  -156.061
25.3235  -8.62944  -203.986
24.8105  -12.1159  -190.905
55.4236  29.8154  -195.616
59.5115  31.8648  -178.175
45.3668  -19.9005  -165.141
30.0314  -14.0693  -174.903
68.8469  11.8352  -169.305
61.068  19.5433  -164.704
20.9766  -2.86394  -197.907
20.4331  -7.12985  -185.87
38.8952  26.9321  -207.511
17.9255  18.9872  -201.511
40.1274  -12.0377  -162.971
25.4898  -12.2389  -171.317
51.4321  4.54996  -154.275
50.7917  23.5784  -161.62
17.8533  2.32928  -194.445
15.7271  9.58397  -183.893
33.2025  32.1076  -198.691
19.2128  20.3216  -196.964
48.6916  36.3931  -189.426
50.3759  32.1069  -174.946
34.0422  31.9358  -193.293
17.3636  -3.58164  -180.239
35.1217  -2.74694  -160.608
36.6169  12.5042  -160.938
41.0025  33.4125  -184.083
