91.3278  -43.664  -167.225
97.1134  -47.9706  -155.244
84.3861  -55.232  -160.345
78.2398  -42.6938  -168.564
85.6947  -31.9534  -167.855
95.8863  -33.5991  -162.613
98.3426  -47.6891  -144.565
87.8893  -56.0244  -146.01
69.3582  -37.879  -163.079
74.1886  -31.0126  -166.674
99.6423  -36.906  -151.496
71.3377  -48.2899  -159.082
96.6001  -28.2585  -157.47
89.1377  -25.6873  -162.435
59.721  -45.1755  -148.539
82.1502  -25.3359  -166.7
63.8768  -23.258  -161.659
85.8006  -13.2897  -158.094
77.8191  -55.4735  -150.087
69.5673  -56.0336  -136.925
102.833  -30.0066  -138.882
74.8241  -16.0635  -161.175
56.3617  -14.9337  -153.735
96.6971  -18.2691  -150.665
81.7741  -3.20644  -151.367
82.8441  -56.8558  -129.161
59.3934  -53.6872  -125.141
98.3656  -46.1645  -128.681
94.7293  -40.5896  -116.208
58.991  -31.7506  -155.52
51.0109  -39.0205  -138.654
95.4906  -7.96189  -142.745
76.4656  6.71969  -143.383
77.596  -55.9867  -114.656
56.4709  -42.1211  -115.4
101.776  -22.5851  -127.071
88.4455  -33.173  -104.6
49.8978  -25.5312  -147.341
42.6111  -33.728  -129.05
68.5669  -6.10875  -154.728
44.8472  -5.51675  -149.632
97.8827  -14.4649  -116.024
80.5315  -26.5824  -93.6494
41.4977  -18.4737  -138.012
38.9203  -24.7136  -120.131
60.5252  5.68096  -149.653
36.7533  1.75358  -141.388
92.2738  2.55078  -133.12
69.4638  16.1936  -134.2
70.8778  -43.5919  -106.293
50.3848  -35.3444  -106.626
52.3276  14.4524  -141.857
31.6146  5.63503  -131.729
86.4501  11.7311  -121.623
80.328  19.2248  -112.644
64.8271  -36.1678  -97.291
45.5085  -30.6303  -100.219
92.7401  -6.29044  -103.138
72.5127  -21.1266  -86.7263
31.3863  -13.1581  -130.859
32.0391  -22.1133  -112.835
63.0244  22.7608  -126.09
69.3965  23.4855  -103.923
58.5685  -30.2343  -91.7181
39.3687  -29.2324  -93.796
85.2041  0.150859  -94.944
74.2952  5.92503  -85.4853
27.6592  -9.08907  -121.84
24.4354  -20.6526  -104.993
46.0538  15.7907  -131.11
28.1162  7.1348  -121.479
51.5833  -25.4542  -87.5381
33.4959  -25.9589  -87.8884
61.9609  -13.9997  -80.0164
60.3961  4.72834  -83.5548
25.0897  -6.73218  -114.798
21.5704  -4.36007  -100.982
40.3838  18.0849  -123.048
19.8878  12.4686  -113.211
54.4476  22.7448  -116.756
57.1015  18.6427  -96.8558
36.6856  18.4517  -114.999
20.8301  -21.3728  -99.2011
40.0753  -19.1519  -80.2659
45.6986  -8.52849  -78.8745
45.865  22.0394  -107.491
