100.685  -53.3987  -195.736
101.737  -56.4228  -184.715
91.3567  -59.5651  -189.582
89.5228  -52.6734  -198.032
97.6335  -42.5385  -199.426
104.398  -43.3479  -189.87
100.426  -56.3456  -176.561
91.1468  -59.5722  -180.667
79.8787  -51.0525  -198.974
85.7816  -42.7584  -201.73
104.191  -46.4867  -179.917
82.3085  -58.3657  -193.391
103.799  -37.2705  -184.51
102.939  -32.537  -194.158
71.0178  -55.5966  -187.339
94.5243  -33.1842  -202.711
73.3318  -33.8357  -204.284
97.5291  -19.4876  -188.472
86.3849  -61.8632  -184.928
77.046  -62.5899  -177.085
104.438  -39.2422  -167.974
86.7985  -21.6266  -199.862
62.3948  -23.0509  -204.758
102.977  -26.8185  -177.141
89.8246  -11.5156  -180.113
84.6078  -62.5786  -169.693
68.5276  -59.5689  -169.537
98.6956  -56.196  -162.783
92.5423  -50.6049  -153.468
66.7741  -47.7665  -197.354
59.7622  -52.9425  -182.172
98.7218  -17.0008  -169.361
83.7263  -0.849726  -173.136
77.9206  -57.0834  -162.574
60.5145  -53.9835  -161.695
100.6  -31.9772  -157.683
86.1517  -44.9227  -142.561
55.9993  -42.2386  -193.382
50.8789  -47.4454  -175.305
79.5504  -10.6206  -194.923
52.1396  -14.7914  -200.307
97.7221  -24.0208  -146.564
76.6298  -38.5856  -134.938
45.9677  -36.138  -187.45
41.3993  -45.0868  -170.406
70.5481  -0.435818  -188.648
42.0656  -7.09636  -194.447
95.174  -5.77747  -160.492
76.2677  9.32006  -166.426
70.406  -53.4366  -152.68
54.7036  -45.4644  -156.088
60.9414  6.41713  -180.382
33.4921  -0.750969  -186.456
87.6868  2.60008  -151.282
79.159  7.83329  -145.309
63.2373  -48.83  -145.344
48.5787  -42.0274  -151.624
88.5804  -16.8391  -137.187
69.1665  -34.6677  -127.283
36.2754  -30.6883  -182.881
37.9276  -37.7875  -163.442
68.0144  14.9163  -160.561
67.597  9.33282  -141.61
56.5003  -45.4258  -140.484
41.4693  -42.4032  -146.979
78.723  -12.0299  -133.602
68.0356  -7.55841  -127.921
27.5034  -27.4518  -177.699
31.1272  -35.6943  -158.199
52.3352  10.8516  -174.031
27.4594  -1.69525  -174.982
49.5338  -41.171  -138.123
34.5821  -43.7718  -144.051
56.9549  -28.8605  -122.585
53.3424  -7.30432  -128.572
25.4521  -23.5173  -168.106
25.1839  -20.9956  -155.89
43.556  12.4191  -165.553
29.5245  -4.53913  -168.431
57.7635  15.5233  -153.606
52.3236  3.86733  -138.333
40.8356  7.54616  -157.692
25.999  -36.2117  -148.987
39.429  -35.9181  -132.247
43.3192  -23.0221  -130.584
50.3851  11.623  -150.104
