80.5708  -66.0779  -134.13
83.3079  -64.5951  -121.949
73.3002  -72.9118  -127.17
68.7029  -64.3859  -134.453
76.6728  -57.8186  -141.634
82.7714  -55.3947  -130.075
83.3203  -60.7144  -114.251
76.6502  -71.3525  -115.191
59.7963  -60.1243  -133.958
62.9794  -56.6572  -137.619
84.5975  -54.547  -119.394
61.6051  -67.3228  -129.564
83.1681  -49.8389  -125.324
79.7647  -48.3389  -134.877
50.9932  -63.1685  -123.609
71.3541  -50.6563  -140.463
53.0603  -48.0964  -136.05
75.4224  -35.873  -131.586
67.8246  -71.5116  -120.098
58.3553  -72.4174  -110.297
83.4545  -45.0798  -110.255
63.6998  -40.3813  -138.707
43.4062  -39.5129  -135.08
82.047  -37.984  -120.883
68.525  -27.8749  -123.904
71.0304  -67.7225  -101.817
50.1089  -64.5922  -102.478
80.7132  -52.6677  -102.833
77.8888  -44.4199  -96.8901
49.7422  -52.7194  -130.005
42.3363  -54.8987  -118.71
78.2148  -28.9996  -114.515
64.626  -14.9089  -120.213
65.9277  -62.3258  -91.1773
43.0857  -56.7555  -94.9342
78.7775  -35.3921  -102.863
73.7544  -36.4188  -87.1019
40.5948  -47.3951  -126.766
37.4852  -44.5904  -113.079
57.0277  -28.3684  -137.85
35.8278  -30.4165  -127.807
73.6814  -27.5257  -96.5764
66.3053  -28.8407  -80.1441
34.4127  -39.5874  -117.898
30.5873  -36.0323  -108.673
48.7087  -18.8081  -130.474
28.3572  -24.7178  -122.578
74.6949  -18.6444  -109.246
57.5185  -4.54703  -116.444
59.4006  -53.3371  -82.3118
37.6059  -46.7394  -90.4835
40.7218  -9.19035  -127.537
18.5007  -18.0136  -123.504
69.6632  -7.17251  -102.532
60.6562  -2.52503  -99.2512
52.7823  -42.5155  -80.1265
35.2873  -37.685  -88.4024
68.6487  -20.3925  -89.0643
58.4868  -24.9167  -76.3974
28.5605  -30.8725  -109.178
23.8426  -31.4593  -103.596
50.6166  2.6813  -111.663
56.2185  8.88469  -93.626
46.0937  -37.6785  -76.3746
28.5969  -29.2528  -82.5765
63.541  -13.478  -84.274
57.1681  -4.76775  -78.539
22.006  -23.918  -108.973
15.7633  -31.5572  -100.219
32.5456  -1.28135  -123.892
16.3856  -13.0263  -114.514
39.2332  -30.0747  -77.8092
23.8043  -29.4999  -84.1512
49.3746  -18.9633  -71.262
42.4536  -0.968857  -76.6634
16.3547  -23.7594  -107.182
11.6217  -19.9948  -97.5104
27.4317  0.0389219  -114.221
14.3218  -9.65609  -110.845
42.3715  10.2827  -107.26
40.6016  8.14659  -87.0049
25.4618  0.972274  -108.825
18.1677  -27.2698  -93.6202
33.3759  -24.1948  -71.1272
31.1037  -12.5646  -70.0387
32.0577  8.33734  -99.454
