75.5919  -54.736  -123.208
74.8194  -53.2454  -111.302
66.361  -59.2174  -120.414
64.8258  -51.2184  -128.483
76.6893  -45.5309  -130.986
79.8801  -44.0186  -116.789
74.8686  -51.0634  -103.629
66.9266  -58.8558  -109.282
57.9131  -44.6541  -128.165
62.9992  -42.2195  -132.285
77.8606  -43.3708  -106.967
59.5913  -50.0159  -124.878
79.119  -36.7027  -111.621
78.3599  -35.3387  -121.832
52.4164  -43.953  -124.899
73.2652  -36.2365  -130.998
57.3017  -31.4793  -138.863
80.2058  -19.9052  -121.409
61.1975  -57.6019  -116.954
52.4912  -54.5037  -112.452
76.7171  -32.1277  -97.584
70.453  -23.235  -134.171
49.7618  -21.2358  -137.538
82.7802  -24.4093  -106.285
80.1239  -5.78654  -119.577
59.883  -57.1155  -98.4838
45.3801  -47.1143  -107.865
72.4751  -42.9958  -94.0618
69.8557  -35.2687  -86.1677
53.6146  -35.9791  -128.766
45.6628  -36.8693  -122.174
80.9255  -11.5035  -101.074
79.8296  9.97623  -117.259
54.2162  -48.7875  -92.1685
37.1399  -39.792  -102.93
75.6041  -21.3521  -91.182
66.5308  -26.1551  -77.1275
46.1738  -28.6635  -127.82
39.2246  -27.199  -121.361
67.7231  -9.79622  -135.476
44.0347  -9.11714  -142.372
73.7419  -10.9829  -85.0569
59.9094  -15.0956  -76.7104
39.2922  -17.7743  -126.415
33.1165  -19.2908  -119.003
62.9489  4.9268  -134.736
36.5835  3.24371  -143.232
79.6236  1.70234  -96.1801
72.9235  22.551  -112.572
47.2216  -41.0369  -83.5709
36.4942  -28.8214  -101.242
57.1918  18.1504  -132.751
30.7529  11.0524  -136.559
74.9837  13.272  -92.0672
70.4511  22.3273  -89.5141
43.4053  -30.729  -81.1476
32.9272  -20.9394  -100.26
69.4729  -0.783709  -80.8349
54.3402  -7.92582  -71.6068
29.4848  -11.4178  -129.061
26.0053  -14.3894  -116.857
65.2677  30.398  -110.061
62.9128  30.1993  -88.7018
39.712  -21.9509  -81.3029
26.4146  -16.3653  -97.3764
62.6911  6.48415  -80.8383
59.0827  15.6703  -75.4195
22.6362  -5.6261  -127.503
22.7125  -8.83141  -114.234
49.9333  27.7906  -130.822
26.4068  15.5626  -129.54
37.0643  -13.5159  -84.7448
21.598  -15.6679  -96.5338
45.9364  1.09397  -72.2735
45.4427  21.18  -80.4093
20.6018  -1.19792  -126.342
18.5059  3.13869  -115.162
41.3961  30.9511  -122.917
29.4248  13.5136  -127.081
55.1748  36.8677  -105.953
48.2753  28.9123  -90.6561
39.2909  31.3021  -116.958
13.0356  -4.97797  -109.183
32.2329  -6.33543  -83.1405
32.983  9.10516  -79.6428
45.9202  30.9789  -104.446
