77.8861  -86.6752  -185.486
77.8445  -87.0613  -172.479
65.9603  -90.6158  -178.577
64.8491  -84.0863  -188.963
72.9634  -75.2029  -191.101
81.8376  -74.7781  -182.63
77.6214  -85.3186  -161.133
65.8735  -91.1256  -166.139
56.1314  -80.5974  -189.989
61.8278  -74.0705  -192.376
83.6581  -74.8603  -169.217
56.7974  -87.0248  -182.932
83.6815  -65.7528  -178.661
77.3025  -64.811  -187.802
44.8603  -80.8723  -177.674
69.6986  -67.2515  -192.555
51.7518  -64.1845  -192.504
73.6786  -49.1884  -186.53
59.1533  -91.2622  -172.45
48.2685  -87.9427  -163.522
85.3336  -62.7737  -155.86
62.631  -54.8306  -192.311
42.7193  -52.9796  -192.077
87.3115  -51.0578  -174.168
68.574  -35.5606  -182.414
56.5733  -88.1852  -152.221
37.7797  -81.1672  -156.007
72.844  -78.87  -145.77
67.9238  -69.9129  -133.193
44.9136  -73.112  -187.882
33.6209  -73.8465  -172.865
87.0863  -34.9795  -167.106
63.6314  -19.7921  -179.6
48.1078  -81.5272  -141.985
28.455  -73.0124  -148.677
82.4954  -50.3695  -144.218
61.9116  -59.6252  -119.275
34.1873  -65.1586  -185.142
22.6963  -66.0913  -167.459
55.9771  -41.1335  -191.051
32.0647  -42.3561  -194.021
77.3565  -36.5065  -134.949
49.6974  -46.9534  -115.586
23.5514  -55.6715  -181.105
13.2321  -59.941  -163.118
48.0375  -26.8006  -190.873
20.3787  -30.8368  -197.09
78.0919  -20.0865  -159.825
56.048  -5.01071  -174.226
38.0607  -77.0328  -128.531
20.5052  -65  -143.74
39.3891  -11.9893  -190.698
10.2489  -19.9169  -194.862
67.0481  -8.57144  -151.963
57.9472  1.13343  -147.349
31.6008  -63.5479  -126.059
14.5862  -57.8477  -140.116
67.2117  -23.5981  -126.399
39.8981  -37.6049  -111.72
14.4186  -46.0908  -176.839
10.4802  -48.8898  -158.029
47.6403  6.88053  -170.823
43.0816  5.10354  -144.306
23.2499  -56.3614  -121.244
12.3546  -46.3662  -137.999
56.9481  -14.2292  -123.069
41.0537  -6.43943  -120.461
0.90521  -42.7618  -177.172
0.421982  -43.2406  -154.51
29.7568  -3.13385  -185.844
2.26381  -14.5818  -180.555
18.2704  -45.0027  -123.219
2.53487  -46.2994  -133.603
26.2528  -28.0269  -113.861
25.139  -9.12376  -127.566
-3.83257  -36.2992  -169.839
-2.17752  -31.7828  -162.55
18.5504  2.77316  -176.286
3.7528  -16.4762  -174.241
33.74  7.84493  -161.364
29.3479  0.442026  -141.115
14.9363  0.788326  -164.713
-3.60618  -40.9473  -146.23
10.5187  -36.8421  -124.261
14.3236  -23.1483  -121.806
22.5677  1.73781  -154.365
