127.577  -52.8329  -157.192
128.614  -52.275  -141.096
117.47  -59.3813  -148.741
112.602  -51.16  -161.166
120.087  -40.9611  -165.283
131.043  -39.0327  -153.53
127.872  -50.1069  -129.599
117.896  -58.3752  -134.814
101.718  -48.2127  -164.194
105.313  -40.4534  -165.673
132.88  -38.7014  -138.332
105.533  -55.065  -155.065
131.103  -28.7552  -149.658
121.599  -29.1296  -160.512
90.837  -52.3102  -152.251
113.225  -32.4619  -168.134
91.5742  -32.1127  -172.662
114.971  -12.2914  -162.733
110.591  -59.9154  -142.317
98.6294  -59.0995  -134.083
128.579  -26.4023  -126.015
102.779  -19.8546  -171.691
78.9133  -22.1993  -176.445
129.966  -12.8087  -145.968
106.647  1.96322  -161.502
108.438  -55.7337  -121.56
86.2479  -53.2016  -127.958
121.621  -43.4309  -115.254
114.633  -35.2087  -104.272
86.9503  -43.2886  -165.967
77.3492  -46.16  -149.139
122.031  1.60615  -140.386
97.4911  18.1467  -160.209
98.7858  -52.1046  -111.58
75.0474  -45.1969  -122.313
123.562  -13.8616  -115.806
103.76  -24.5877  -96.8236
73.6988  -36.1432  -165.001
63.9548  -39.9107  -145.521
92.4807  -6.50868  -173.656
65.0995  -12.4132  -180.188
114.202  -1.31585  -108.834
90.9283  -14.971  -91.6147
59.8831  -28.06  -163.418
54.3443  -32.1638  -142.149
79.8969  6.80385  -173.165
51.831  -2.61398  -179.916
112.135  17.0639  -134.92
83.7958  28.7542  -154.175
87.3615  -43.6736  -103.003
64.3704  -38.8915  -118.489
67.3966  18.1669  -170.642
40.3012  6.22506  -177.187
98.9606  28.5389  -128.733
86.6617  36.2075  -125.831
77.6133  -34.0102  -98.9349
57.2971  -31.992  -116.244
100.624  9.55738  -103.18
79.5552  -7.51273  -89.2147
46.8093  -21.0671  -162.184
45.7718  -25.9626  -138.716
72.6486  36.591  -150.98
70.6672  44.3512  -122.492
68.8199  -26.7549  -97.8614
49.7234  -26.8194  -113.645
89.6607  18.392  -100.041
73.1847  26.606  -95.2005
36.9586  -15.1329  -158.632
35.9799  -21.6702  -134.68
55.7141  25.8273  -167.818
29.6427  11.4662  -166.016
59.3649  -19.9964  -98.992
41.3442  -20.0749  -111.942
64.3143  0.0648564  -90.9918
52.4719  21.2095  -108.133
29.2893  -9.28483  -153.214
28.5415  -0.540708  -139.63
46.0887  26.3196  -158.598
34.0904  10.2168  -155.195
57.8785  44.7243  -146.195
55.0663  32.5065  -119.364
42.542  29.2168  -148.555
31.9345  -15.9386  -132.494
49.9292  -10.6953  -102.408
48.128  3.87317  -103.676
52.4716  37.1  -140.218
